0,0,0,0,0,0,0,0,0,1,0,2,0,0,0,10,0,1,0,8,0,0,0,4,1,0,3,2,0,10,0,1,0,0,3,4,0,0,0,5,0,5,0,2,7,0,0,23,4,6,0,0,0,6,5,6,0,0,0,8,0,0,18,25,1,11,0,0,0,6,0,2,0,0,0,0,10,9,0,23,12,0,0,6,0,0,0,9,0,0,7,0,0,0,0,25,0,6,11,5,0,0,0,9,1,0,0,7,0,14,0,3,0,0,0,0,1,0,0,7,7,0,0,0,0,0,0,0,0,3,0,1,0,0,0,0,0,0,0,0,0,0,0,2,0,0,0,0,0,0,0,0,0,0,0,0,0,0,0,0,0,0,0,0,0,0,0,0,0,0,0,0,0,0,0,0,0,0,0,0,0,0,0,0,0,0,0,0,0,0,0,0,0,0,0,0,0,0,0,0,0,0,0,0,0,0,0,0,0,0,0,0,0,0,0,0,0,0,0,0,0,0,0,0,0,0,0,0,0,0,0,0,0,0,0,0,0,0,0,0,0,0,0,0,0,0,0,0,0,0,0,0,0,0,0,0
0,0,0,0,0,4,0,3,3,8,0,25,0,0,2,158,0,2,0,73,0,0,0,52,9,1,72,20,0,118,0,16,3,0,65,78,0,0,1,292,0,71,0,23,210,0,0,166,91,188,0,5,0,400,31,561,0,0,0,404,0,0,557,356,21,255,0,0,0,542,0,734,0,0,0,0,417,55,0,630,537,0,0,166,0,0,0,572,0,852,138,0,0,0,0,191,0,92,492,425,0,0,0,111,6,0,0,259,0,434,0,38,0,0,0,0,49,0,0,218,118,0,0,0,0,9,0,0,0,75,0,101,0,0,5,0,0,0,0,2,0,0,0,47,0,0,0,0,0,1,0,0,0,2,0,3,0,0,0,1,0,0,0,0,8,0,0,3,0,0,0,0,0,0,0,0,0,0,0,4,0,3,0,0,0,0,0,0,0,0,0,0,0,0,0,0,0,0,0,0,0,0,0,0,0,0,0,0,0,0,0,0,0,0,0,0,0,0,0,0,0,0,0,0,0,0,0,0,0,0,0,0,0,0,0,0,0,0,0,0,0,0,0,0,0,0,0,0,0,0,0,0,0,0,0,0
0,0,0,0,0,0,0,0,0,0,0,0,0,0,0,0,0,0,0,0,0,0,0,0,0,0,0,0,0,0,0,0,0,0,0,0,0,0,0,2,0,0,0,0,0,0,0,1,0,0,0,0,0,2,0,2,0,0,0,2,0,0,0,1,0,0,0,0,0,1,0,1,0,0,0,0,1,0,0,1,0,0,0,1,0,0,0,2,0,0,1,0,0,0,0,1,0,0,2,1,0,0,0,1,0,0,0,1,0,2,0,0,0,0,0,0,0,0,0,1,2,0,0,0,0,0,0,0,0,0,0,0,0,0,0,0,0,0,0,0,0,0,0,0,0,0,0,0,0,0,0,0,0,0,0,0,0,0,0,0,0,0,0,0,1,0,0,0,0,0,0,0,0,0,0,0,0,0,0,0,0,0,0,0,0,0,0,0,0,0,0,0,0,0,0,0,0,0,0,0,0,0,0,0,0,0,0,0,0,0,0,0,0,0,0,0,0,0,0,0,0,0,0,0,0,0,0,0,0,0,0,0,0,0,0,0,0,0,0,0,0,0,0,0,0,0,0,0,0,0,0,0,0,0,0,0
0,0,0,0,0,0,0,0,0,0,0,0,0,0,0,0,0,0,0,0,0,0,0,1,0,0,0,0,0,0,0,0,0,0,0,0,0,0,0,2,0,0,0,0,0,0,0,0,0,0,0,0,0,1,0,1,0,0,0,1,0,0,0,0,0,0,0,0,0,1,0,1,0,0,0,0,0,0,0,0,0,0,0,0,0,0,0,2,0,0,1,0,0,0,0,0,0,0,0,0,0,0,0,2,0,0,0,1,0,0,0,0,0,0,0,0,0,0,0,2,2,0,0,0,0,0,0,0,0,0,0,0,0,0,0,0,0,0,0,0,0,0,0,0,0,0,0,0,0,0,0,0,0,0,0,0,0,0,0,0,0,0,0,0,0,0,0,0,0,0,0,0,0,0,0,0,0,0,0,0,0,0,0,0,0,0,0,0,0,0,0,0,0,0,0,0,0,0,0,0,0,0,0,0,0,0,0,0,0,0,0,0,0,0,0,0,0,0,0,0,0,0,0,0,0,0,0,0,0,0,0,0,0,0,0,0,0,0,0,0,0,0,0,0,0,0,0,0,0,0,0,0,0,0,0,0
0,0,0,0,0,0,0,0,0,1,0,3,0,0,0,15,0,1,0,9,0,0,0,4,0,0,4,1,0,10,0,0,0,0,3,4,0,0,0,12,0,4,0,1,9,0,0,20,5,7,0,0,0,14,0,26,0,0,0,19,0,0,37,31,0,13,0,0,0,16,0,29,0,0,0,0,20,4,0,51,20,0,0,8,0,0,0,31,0,15,10,0,0,0,0,23,0,6,19,11,0,0,0,13,0,0,0,15,0,24,0,2,0,0,0,0,1,0,0,13,12,0,0,0,0,0,0,0,0,3,0,2,0,0,0,0,0,0,0,0,0,0,0,3,0,0,0,0,0,0,0,0,0,0,0,0,0,0,0,0,0,0,0,0,1,0,0,0,0,0,0,0,0,0,0,0,0,0,0,0,0,0,0,0,0,0,0,0,0,0,0,0,0,0,0,0,0,0,0,0,0,0,0,0,0,0,0,0,0,0,0,0,0,0,0,0,0,0,0,0,0,0,0,0,0,0,0,0,0,0,0,0,0,0,0,0,0,0,0,0,0,0,0,0,0,0,0,0,0,0,0,0,0,0,0,0
0,0,0,0,0,0,0,0,0,0,0,1,0,0,0,0,0,0,0,4,0,0,0,0,0,0,0,0,0,1,0,0,0,0,0,1,0,0,0,0,0,0,0,0,0,0,0,1,0,0,0,0,0,0,0,0,0,0,0,0,0,0,0,0,0,0,0,0,0,0,0,0,0,0,0,0,0,0,0,0,0,0,0,0,0,0,0,0,0,0,0,0,0,0,0,0,0,0,0,0,0,0,0,0,0,0,0,0,0,0,0,0,0,0,0,0,0,0,0,0,0,0,0,0,0,0,0,0,0,1,0,0,0,0,0,0,0,0,0,0,0,0,0,0,0,0,0,0,0,0,0,0,0,0,0,0,0,0,0,0,0,0,0,0,3,0,0,0,0,0,0,0,0,0,0,0,0,0,0,2,0,1,0,0,0,0,0,0,0,0,0,0,0,0,0,0,0,0,0,0,0,0,0,0,0,0,0,0,0,0,0,0,0,0,0,0,0,0,0,0,0,0,0,0,0,0,0,0,0,0,0,0,0,0,0,0,0,0,0,0,0,0,0,0,0,0,0,0,0,0,0,0,0,0,0,0
0,0,0,0,0,0,0,0,0,0,0,2,0,0,0,10,0,0,0,8,0,0,0,6,1,0,4,1,0,11,0,1,0,0,4,4,0,0,0,17,0,4,0,1,10,0,0,18,5,10,0,0,0,16,2,21,0,0,0,18,0,0,34,25,0,15,0,0,0,20,0,23,0,0,0,0,18,2,0,52,25,0,0,8,0,0,0,29,0,18,7,0,0,0,0,17,0,5,23,12,0,0,0,7,0,0,0,12,0,25,0,1,0,0,0,0,1,0,0,11,7,0,0,0,0,0,0,0,0,4,0,2,0,0,0,0,0,0,0,0,0,0,0,3,0,0,0,0,0,0,0,0,0,0,0,0,0,0,0,0,0,0,0,0,1,0,0,0,0,0,0,0,0,0,0,0,0,0,0,0,0,0,0,0,0,0,0,0,0,0,0,0,0,0,0,0,0,0,0,0,0,0,0,0,0,0,0,0,0,0,0,0,0,0,0,0,0,0,0,0,0,0,0,0,0,0,0,0,0,0,0,0,0,0,0,0,0,0,0,0,0,0,0,0,0,0,0,0,0,0,0,0,0,0,0,0
0,0,0,0,0,0,0,0,0,0,0,2,0,0,0,10,0,0,0,8,0,0,0,6,1,0,4,1,0,11,0,1,0,0,4,4,0,0,0,17,0,4,0,1,10,0,0,18,5,10,0,0,0,16,2,21,0,0,0,18,0,0,34,25,0,15,0,0,0,20,0,23,0,0,0,0,18,2,0,52,25,0,0,8,0,0,0,29,0,18,7,0,0,0,0,17,0,5,23,12,0,0,0,7,0,0,0,12,0,25,0,1,0,0,0,0,1,0,0,11,7,0,0,0,0,0,0,0,0,4,0,2,0,0,0,0,0,0,0,0,0,0,0,3,0,0,0,0,0,0,0,0,0,0,0,0,0,0,0,0,0,0,0,0,1,0,0,0,0,0,0,0,0,0,0,0,0,0,0,0,0,0,0,0,0,0,0,0,0,0,0,0,0,0,0,0,0,0,0,0,0,0,0,0,0,0,0,0,0,0,0,0,0,0,0,0,0,0,0,0,0,0,0,0,0,0,0,0,0,0,0,0,0,0,0,0,0,0,0,0,0,0,0,0,0,0,0,0,0,0,0,0,0,0,0,0
0,0,0,0,0,0,0,0,0,0,0,2,0,0,0,10,0,0,0,8,0,0,0,6,1,0,4,1,0,11,0,1,0,0,4,4,0,0,0,17,0,4,0,1,10,0,0,18,5,10,0,0,0,16,2,21,0,0,0,18,0,0,34,25,0,15,0,0,0,20,0,23,0,0,0,0,18,2,0,52,25,0,0,8,0,0,0,29,0,18,7,0,0,0,0,17,0,5,23,12,0,0,0,7,0,0,0,12,0,25,0,1,0,0,0,0,1,0,0,11,7,0,0,0,0,0,0,0,0,4,0,2,0,0,0,0,0,0,0,0,0,0,0,3,0,0,0,0,0,0,0,0,0,0,0,0,0,0,0,0,0,0,0,0,1,0,0,0,0,0,0,0,0,0,0,0,0,0,0,0,0,0,0,0,0,0,0,0,0,0,0,0,0,0,0,0,0,0,0,0,0,0,0,0,0,0,0,0,0,0,0,0,0,0,0,0,0,0,0,0,0,0,0,0,0,0,0,0,0,0,0,0,0,0,0,0,0,0,0,0,0,0,0,0,0,0,0,0,0,0,0,0,0,0,0,0
0,0,0,0,0,0,0,0,0,1,0,3,0,0,0,9,0,1,0,10,0,0,0,4,0,0,3,2,0,9,0,1,0,0,3,4,0,0,0,10,0,4,0,1,6,0,0,23,5,7,0,0,0,12,0,20,0,0,0,12,0,0,18,24,1,12,0,0,0,13,0,18,0,0,0,0,12,8,0,25,17,0,0,7,0,0,0,26,0,11,9,0,0,0,0,24,0,6,17,9,0,0,0,12,0,0,0,12,0,17,0,2,0,0,0,0,1,0,0,12,11,0,0,0,0,0,0,0,0,3,0,2,0,0,0,0,0,0,0,0,0,0,0,2,0,0,0,0,0,0,0,0,0,0,0,0,0,0,0,0,0,0,0,0,0,0,0,0,0,0,0,0,0,0,0,0,0,0,0,0,0,0,0,0,0,0,0,0,0,0,0,0,0,0,0,0,0,0,0,0,0,0,0,0,0,0,0,0,0,0,0,0,0,0,0,0,0,0,0,0,0,0,0,0,0,0,0,0,0,0,0,0,0,0,0,0,0,0,0,0,0,0,0,0,0,0,0,0,0,0,0,0,0,0,0,0
0,0,0,0,0,0,0,0,0,0,0,2,0,0,0,10,0,0,0,8,0,0,0,6,1,0,4,1,0,11,0,1,0,0,4,4,0,0,0,17,0,4,0,1,10,0,0,18,5,10,0,0,0,16,2,21,0,0,0,18,0,0,34,25,0,15,0,0,0,20,0,23,0,0,0,0,18,2,0,52,25,0,0,8,0,0,0,29,0,18,7,0,0,0,0,17,0,5,23,12,0,0,0,7,0,0,0,12,0,25,0,1,0,0,0,0,1,0,0,11,7,0,0,0,0,0,0,0,0,4,0,2,0,0,0,0,0,0,0,0,0,0,0,3,0,0,0,0,0,0,0,0,0,0,0,0,0,0,0,0,0,0,0,0,1,0,0,0,0,0,0,0,0,0,0,0,0,0,0,0,0,0,0,0,0,0,0,0,0,0,0,0,0,0,0,0,0,0,0,0,0,0,0,0,0,0,0,0,0,0,0,0,0,0,0,0,0,0,0,0,0,0,0,0,0,0,0,0,0,0,0,0,0,0,0,0,0,0,0,0,0,0,0,0,0,0,0,0,0,0,0,0,0,0,0,0
0,0,1,1,0,4,0,3,2,6,0,20,0,0,2,190,0,3,0,85,0,0,0,50,8,0,59,17,0,123,0,22,3,0,67,82,0,0,2,321,0,73,0,22,219,0,0,214,79,167,0,5,0,448,38,634,0,0,0,443,0,0,648,461,15,211,0,0,0,588,0,789,0,0,0,0,486,72,0,711,453,0,0,150,0,0,0,660,0,865,191,0,0,0,0,238,0,73,439,387,0,0,0,146,9,0,0,336,0,489,0,45,0,0,0,0,46,0,0,272,152,0,0,0,0,10,0,0,0,56,0,83,0,0,6,0,0,0,0,2,0,0,0,37,0,0,0,0,0,1,0,0,0,2,0,3,0,0,0,1,0,0,0,0,8,0,0,3,0,0,0,0,0,0,0,0,0,0,0,3,0,4,0,0,0,0,0,0,0,0,0,0,0,0,0,0,0,0,0,0,0,0,0,0,0,0,0,0,0,0,0,0,0,0,0,0,0,0,0,0,0,0,0,0,0,0,0,0,0,0,0,0,0,0,0,0,0,0,0,0,0,0,0,0,0,0,0,0,0,0,0,0,0,0,0,0
0,0,0,0,0,0,0,0,0,0,0,2,0,0,0,10,0,0,0,8,0,0,0,6,1,0,4,1,0,11,0,1,0,0,4,4,0,0,0,17,0,4,0,1,10,0,0,18,5,10,0,0,0,16,2,21,0,0,0,18,0,0,34,25,0,15,0,0,0,20,0,23,0,0,0,0,18,2,0,52,25,0,0,8,0,0,0,29,0,18,7,0,0,0,0,17,0,5,23,12,0,0,0,7,0,0,0,12,0,25,0,1,0,0,0,0,1,0,0,11,7,0,0,0,0,0,0,0,0,4,0,2,0,0,0,0,0,0,0,0,0,0,0,3,0,0,0,0,0,0,0,0,0,0,0,0,0,0,0,0,0,0,0,0,1,0,0,0,0,0,0,0,0,0,0,0,0,0,0,0,0,0,0,0,0,0,0,0,0,0,0,0,0,0,0,0,0,0,0,0,0,0,0,0,0,0,0,0,0,0,0,0,0,0,0,0,0,0,0,0,0,0,0,0,0,0,0,0,0,0,0,0,0,0,0,0,0,0,0,0,0,0,0,0,0,0,0,0,0,0,0,0,0,0,0,0
0,0,0,0,0,0,0,0,0,0,0,2,0,0,0,10,0,0,0,8,0,0,0,6,1,0,4,1,0,11,0,1,0,0,4,4,0,0,0,17,0,4,0,1,10,0,0,18,5,10,0,0,0,16,2,21,0,0,0,18,0,0,34,25,0,15,0,0,0,20,0,23,0,0,0,0,18,2,0,52,25,0,0,8,0,0,0,29,0,18,7,0,0,0,0,17,0,5,23,12,0,0,0,7,0,0,0,12,0,25,0,1,0,0,0,0,1,0,0,11,7,0,0,0,0,0,0,0,0,4,0,2,0,0,0,0,0,0,0,0,0,0,0,3,0,0,0,0,0,0,0,0,0,0,0,0,0,0,0,0,0,0,0,0,1,0,0,0,0,0,0,0,0,0,0,0,0,0,0,0,0,0,0,0,0,0,0,0,0,0,0,0,0,0,0,0,0,0,0,0,0,0,0,0,0,0,0,0,0,0,0,0,0,0,0,0,0,0,0,0,0,0,0,0,0,0,0,0,0,0,0,0,0,0,0,0,0,0,0,0,0,0,0,0,0,0,0,0,0,0,0,0,0,0,0,0
0,0,0,0,0,0,0,0,0,0,0,0,0,0,0,0,0,0,0,0,0,0,0,0,0,0,0,0,0,0,0,0,0,0,0,0,0,0,0,1,0,0,0,0,0,0,0,0,0,0,0,0,0,1,0,1,0,0,0,1,0,0,0,1,0,0,0,0,0,1,0,1,0,0,0,0,1,0,0,1,0,0,0,1,0,0,0,2,0,0,0,0,0,0,0,1,0,0,1,1,0,0,0,1,0,0,0,1,0,1,0,0,0,0,0,0,0,0,0,1,1,0,0,0,0,0,0,0,0,0,0,0,0,0,0,0,0,0,0,0,0,0,0,0,0,0,0,0,0,0,0,0,0,0,0,0,0,0,0,0,0,0,0,0,1,0,0,0,0,0,0,0,0,0,0,0,0,0,0,0,0,0,0,0,0,0,0,0,0,0,0,0,0,0,0,0,0,0,0,0,0,0,0,0,0,0,0,0,0,0,0,0,0,0,0,0,0,0,0,0,0,0,0,0,0,0,0,0,0,0,0,0,0,0,0,0,0,0,0,0,0,0,0,0,0,0,0,0,0,0,0,0,0,0,0,0
0,0,0,0,0,0,0,0,0,0,0,0,0,0,0,0,0,0,0,1,0,0,0,0,0,0,0,0,0,0,0,0,0,0,0,0,0,0,0,2,0,0,0,0,0,0,0,1,0,0,0,0,0,3,0,2,0,0,0,1,0,0,1,2,0,1,0,0,0,1,0,1,0,0,0,0,1,0,0,3,0,0,0,1,0,0,0,2,0,0,1,0,0,0,0,2,0,0,2,1,0,0,0,1,0,0,0,1,0,3,0,0,0,0,0,0,0,0,0,1,2,0,0,0,0,0,0,0,0,0,0,0,0,0,0,0,0,0,0,0,0,0,0,0,0,0,0,0,0,0,0,0,0,0,0,0,0,0,0,0,0,0,0,0,1,0,0,0,0,0,0,0,0,0,0,0,0,0,0,0,0,1,0,0,0,0,0,0,0,0,0,0,0,0,0,0,0,0,0,0,0,0,0,0,0,0,0,0,0,0,0,0,0,0,0,0,0,0,0,0,0,0,0,0,0,0,0,0,0,0,0,0,0,0,0,0,0,0,0,0,0,0,0,0,0,0,0,0,0,0,0,0,0,0,0,0
0,0,0,0,0,0,0,0,0,0,0,2,0,0,0,10,0,0,0,8,0,0,0,6,1,0,4,1,0,11,0,1,0,0,4,4,0,0,0,17,0,4,0,1,10,0,0,18,5,10,0,0,0,16,2,21,0,0,0,18,0,0,34,25,0,15,0,0,0,20,0,23,0,0,0,0,18,2,0,52,25,0,0,8,0,0,0,29,0,18,7,0,0,0,0,17,0,5,23,12,0,0,0,7,0,0,0,12,0,25,0,1,0,0,0,0,1,0,0,11,7,0,0,0,0,0,0,0,0,4,0,2,0,0,0,0,0,0,0,0,0,0,0,3,0,0,0,0,0,0,0,0,0,0,0,0,0,0,0,0,0,0,0,0,1,0,0,0,0,0,0,0,0,0,0,0,0,0,0,0,0,0,0,0,0,0,0,0,0,0,0,0,0,0,0,0,0,0,0,0,0,0,0,0,0,0,0,0,0,0,0,0,0,0,0,0,0,0,0,0,0,0,0,0,0,0,0,0,0,0,0,0,0,0,0,0,0,0,0,0,0,0,0,0,0,0,0,0,0,0,0,0,0,0,0,0
0,0,0,0,0,1,0,0,1,2,0,5,0,0,0,8,0,1,0,7,0,0,0,3,0,0,2,2,0,7,0,1,0,0,3,4,0,0,0,4,0,4,0,1,5,0,0,25,4,5,0,0,0,5,0,15,0,0,0,9,0,0,10,20,1,10,0,0,0,5,0,11,0,0,0,0,9,14,0,10,10,0,0,6,0,0,0,20,0,9,8,0,0,0,0,27,0,7,10,4,0,0,0,12,0,0,0,11,0,9,0,4,0,0,0,0,1,0,0,11,10,0,0,0,0,0,0,0,0,3,0,1,0,0,0,0,0,0,0,0,0,0,0,1,0,0,0,0,0,0,0,0,0,0,0,0,0,0,0,0,0,0,0,0,0,0,0,0,0,0,0,0,0,0,0,0,0,0,0,0,0,0,0,0,0,0,0,0,0,0,0,0,0,0,0,0,0,0,0,0,0,0,0,0,0,0,0,0,0,0,0,0,0,0,0,0,0,0,0,0,0,0,0,0,0,0,0,0,0,0,0,0,0,0,0,0,0,0,0,0,0,0,0,0,0,0,0,0,0,0,0,0,0,0,0,0
0,0,0,0,0,0,0,0,0,0,0,0,0,0,0,0,0,0,0,0,0,0,0,0,0,0,0,0,0,0,0,0,0,0,0,0,0,0,0,1,0,0,0,0,0,0,0,0,0,0,0,0,0,1,0,1,0,0,0,1,0,0,0,0,0,0,0,0,0,1,0,0,0,0,0,0,1,0,0,1,0,0,0,1,0,0,0,1,0,0,0,0,0,0,0,1,0,0,1,1,0,0,0,1,0,0,0,1,0,2,0,0,0,0,0,0,0,0,0,1,1,0,0,0,0,0,0,0,0,0,0,0,0,0,0,0,0,0,0,0,0,0,0,0,0,0,0,0,0,0,0,0,0,0,0,0,0,0,0,0,0,0,0,0,1,0,0,0,0,0,0,0,0,0,0,0,0,0,0,0,0,0,0,0,0,0,0,0,0,0,0,0,0,0,0,0,0,0,0,0,0,0,0,0,0,0,0,0,0,0,0,0,0,0,0,0,0,0,0,0,0,0,0,0,0,0,0,0,0,0,0,0,0,0,0,0,0,0,0,0,0,0,0,0,0,0,0,0,0,0,0,0,0,0,0,0
0,0,0,0,0,0,0,0,0,1,0,2,0,0,0,4,0,1,0,6,0,0,0,4,1,0,3,2,0,10,0,4,0,0,3,3,0,0,0,5,0,6,0,3,6,0,0,28,4,4,0,0,0,4,8,5,0,0,0,5,0,0,9,20,2,8,0,0,0,4,0,1,0,0,0,0,5,18,0,10,4,0,0,5,0,0,0,7,0,0,6,0,0,0,0,27,0,7,6,2,0,0,0,8,2,0,0,4,0,7,0,3,0,0,0,0,1,0,0,5,5,0,0,0,0,0,0,0,0,3,0,1,0,0,0,0,0,0,0,0,0,0,0,2,0,0,0,0,0,0,0,0,0,0,0,0,0,0,0,0,0,0,0,0,0,0,0,0,0,0,0,0,0,0,0,0,0,0,0,0,0,0,0,0,0,0,0,0,0,0,0,0,0,0,0,0,0,0,0,0,0,0,0,0,0,0,0,0,0,0,0,0,0,0,0,0,0,0,0,0,0,0,0,0,0,0,0,0,0,0,0,0,0,0,0,0,0,0,0,0,0,0,0,0,0,0,0,0,0,0,0,0,0,0,0,0
0,0,0,0,0,0,0,0,0,0,0,2,0,0,0,10,0,0,0,8,0,0,0,6,1,0,4,1,0,11,0,1,0,0,4,4,0,0,0,17,0,4,0,1,10,0,0,18,5,10,0,0,0,16,2,21,0,0,0,18,0,0,34,25,0,15,0,0,0,20,0,23,0,0,0,0,18,2,0,52,25,0,0,8,0,0,0,29,0,18,7,0,0,0,0,17,0,5,23,12,0,0,0,7,0,0,0,12,0,25,0,1,0,0,0,0,1,0,0,11,7,0,0,0,0,0,0,0,0,4,0,2,0,0,0,0,0,0,0,0,0,0,0,3,0,0,0,0,0,0,0,0,0,0,0,0,0,0,0,0,0,0,0,0,1,0,0,0,0,0,0,0,0,0,0,0,0,0,0,0,0,0,0,0,0,0,0,0,0,0,0,0,0,0,0,0,0,0,0,0,0,0,0,0,0,0,0,0,0,0,0,0,0,0,0,0,0,0,0,0,0,0,0,0,0,0,0,0,0,0,0,0,0,0,0,0,0,0,0,0,0,0,0,0,0,0,0,0,0,0,0,0,0,0,0,0
0,0,0,0,0,4,0,4,4,8,0,25,0,0,2,184,0,2,0,69,0,0,0,57,10,1,72,20,0,125,0,20,3,0,57,73,0,0,2,322,0,79,0,25,231,0,0,201,79,167,0,5,0,447,37,618,0,0,0,460,0,0,637,438,18,231,0,0,0,600,0,779,0,0,0,0,514,78,0,707,513,0,0,167,0,0,0,643,0,863,185,0,0,0,0,246,0,85,470,415,0,0,0,142,8,0,0,336,0,508,0,51,0,0,0,0,51,0,0,275,151,0,0,0,0,10,0,0,0,60,0,83,0,0,6,0,0,0,0,2,0,0,0,39,0,0,0,0,0,0,0,0,0,2,0,3,0,0,0,1,0,0,0,0,6,0,0,2,0,0,0,0,0,0,0,0,0,0,0,2,0,2,0,0,0,0,0,0,0,0,0,0,0,0,0,0,0,0,0,0,0,0,0,0,0,0,0,0,0,0,0,0,0,0,0,0,0,0,0,0,0,0,0,0,0,0,0,0,0,0,0,0,0,0,0,0,0,0,0,0,0,0,0,0,0,0,0,0,0,0,0,0,0,0,0,0
0,0,0,0,0,0,0,0,0,1,0,3,0,0,0,7,0,0,0,9,0,0,0,6,1,0,4,1,0,8,0,1,0,0,4,4,0,0,0,18,0,5,0,1,8,0,0,20,5,10,0,0,0,16,2,21,0,0,0,18,0,0,26,25,0,15,0,0,0,19,0,26,0,0,0,0,18,4,0,39,21,0,0,7,0,0,0,30,0,9,10,0,0,0,0,23,0,5,23,10,0,0,0,10,0,0,0,14,0,25,0,2,0,0,0,0,1,0,0,11,9,0,0,0,0,0,0,0,0,5,0,3,0,0,0,0,0,0,0,0,0,0,0,4,0,0,0,0,0,0,0,0,0,0,0,0,0,0,0,0,0,0,0,0,1,0,0,0,0,0,0,0,0,0,0,0,0,0,0,0,0,0,0,0,0,0,0,0,0,0,0,0,0,0,0,0,0,0,0,0,0,0,0,0,0,0,0,0,0,0,0,0,0,0,0,0,0,0,0,0,0,0,0,0,0,0,0,0,0,0,0,0,0,0,0,0,0,0,0,0,0,0,0,0,0,0,0,0,0,0,0,0,0,0,0,0
0,0,0,0,0,0,0,0,0,0,0,2,0,0,0,7,0,0,0,9,0,0,0,5,0,0,4,1,0,8,0,1,0,0,4,4,0,0,0,17,0,4,0,1,9,0,0,18,5,10,0,0,0,16,2,20,0,0,0,18,0,0,26,23,0,16,0,0,0,20,0,22,0,0,0,0,18,4,0,38,22,0,0,7,0,0,0,29,0,10,9,0,0,0,0,21,0,5,25,11,0,0,0,8,0,0,0,13,0,24,0,2,0,0,0,0,1,0,0,11,8,0,0,0,0,0,0,0,0,5,0,3,0,0,0,0,0,0,0,0,0,0,0,3,0,0,0,0,0,0,0,0,0,0,0,0,0,0,0,0,0,0,0,0,1,0,0,0,0,0,0,0,0,0,0,0,0,0,0,0,0,0,0,0,0,0,0,0,0,0,0,0,0,0,0,0,0,0,0,0,0,0,0,0,0,0,0,0,0,0,0,0,0,0,0,0,0,0,0,0,0,0,0,0,0,0,0,0,0,0,0,0,0,0,0,0,0,0,0,0,0,0,0,0,0,0,0,0,0,0,0,0,0,0,0,0
0,0,0,0,0,0,0,0,0,0,0,2,0,0,0,10,0,0,0,8,0,0,0,6,1,0,4,1,0,11,0,1,0,0,4,4,0,0,0,17,0,4,0,1,10,0,0,18,5,10,0,0,0,16,2,21,0,0,0,18,0,0,34,25,0,15,0,0,0,20,0,23,0,0,0,0,18,2,0,52,25,0,0,8,0,0,0,29,0,18,7,0,0,0,0,17,0,5,23,12,0,0,0,7,0,0,0,12,0,25,0,1,0,0,0,0,1,0,0,11,7,0,0,0,0,0,0,0,0,4,0,2,0,0,0,0,0,0,0,0,0,0,0,3,0,0,0,0,0,0,0,0,0,0,0,0,0,0,0,0,0,0,0,0,1,0,0,0,0,0,0,0,0,0,0,0,0,0,0,0,0,0,0,0,0,0,0,0,0,0,0,0,0,0,0,0,0,0,0,0,0,0,0,0,0,0,0,0,0,0,0,0,0,0,0,0,0,0,0,0,0,0,0,0,0,0,0,0,0,0,0,0,0,0,0,0,0,0,0,0,0,0,0,0,0,0,0,0,0,0,0,0,0,0,0,0
0,0,0,0,0,0,0,0,0,0,0,0,0,0,0,0,0,0,0,1,0,0,0,0,0,0,0,0,0,0,0,0,0,0,0,0,0,0,0,1,0,0,0,0,0,0,0,1,0,0,0,0,0,1,0,0,0,0,0,1,0,0,1,1,0,1,0,0,0,0,0,0,0,0,0,0,1,0,0,2,1,0,0,1,0,0,0,0,0,0,0,0,0,0,0,2,0,0,2,1,0,0,0,0,0,0,0,0,0,2,0,0,0,0,0,0,0,0,0,0,0,0,0,0,0,0,0,0,0,0,0,0,0,0,0,0,0,0,0,0,0,0,0,0,0,0,0,0,0,0,0,0,0,0,0,0,0,0,0,0,0,0,0,0,1,0,0,0,0,0,0,0,0,0,0,0,0,0,0,0,0,1,0,0,0,0,0,0,0,0,0,0,0,0,0,0,0,0,0,0,0,0,0,0,0,0,0,0,0,0,0,0,0,0,0,0,0,0,0,0,0,0,0,0,0,0,0,0,0,0,0,0,0,0,0,0,0,0,0,0,0,0,0,0,0,0,0,0,0,0,0,0,0,0,0,0
0,0,0,0,0,0,0,0,0,0,0,0,0,0,0,0,0,0,0,1,0,0,0,0,0,0,0,0,0,0,0,0,0,0,0,0,0,0,0,1,0,0,0,0,0,0,0,1,0,0,0,0,0,1,0,1,0,0,0,1,0,0,1,2,0,1,0,0,0,1,0,0,0,0,0,0,1,0,0,2,0,0,0,1,0,0,0,0,0,0,0,0,0,0,0,2,0,0,2,1,0,0,0,0,0,0,0,0,0,2,0,0,0,0,0,0,0,0,0,0,0,0,0,0,0,0,0,0,0,0,0,0,0,0,0,0,0,0,0,0,0,0,0,0,0,0,0,0,0,0,0,0,0,0,0,0,0,0,0,0,0,0,0,0,1,0,0,0,0,0,0,0,0,0,0,0,0,0,0,0,0,0,0,0,0,0,0,0,0,0,0,0,0,0,0,0,0,0,0,0,0,0,0,0,0,0,0,0,0,0,0,0,0,0,0,0,0,0,0,0,0,0,0,0,0,0,0,0,0,0,0,0,0,0,0,0,0,0,0,0,0,0,0,0,0,0,0,0,0,0,0,0,0,0,0,0
0,0,0,0,0,0,0,0,0,0,0,2,0,0,0,10,0,0,0,8,0,0,0,6,1,0,4,1,0,11,0,1,0,0,4,4,0,0,0,17,0,4,0,1,10,0,0,18,5,10,0,0,0,16,2,21,0,0,0,18,0,0,34,25,0,15,0,0,0,20,0,23,0,0,0,0,18,2,0,52,25,0,0,8,0,0,0,29,0,18,7,0,0,0,0,17,0,5,23,12,0,0,0,7,0,0,0,12,0,25,0,1,0,0,0,0,1,0,0,11,7,0,0,0,0,0,0,0,0,4,0,2,0,0,0,0,0,0,0,0,0,0,0,3,0,0,0,0,0,0,0,0,0,0,0,0,0,0,0,0,0,0,0,0,1,0,0,0,0,0,0,0,0,0,0,0,0,0,0,0,0,0,0,0,0,0,0,0,0,0,0,0,0,0,0,0,0,0,0,0,0,0,0,0,0,0,0,0,0,0,0,0,0,0,0,0,0,0,0,0,0,0,0,0,0,0,0,0,0,0,0,0,0,0,0,0,0,0,0,0,0,0,0,0,0,0,0,0,0,0,0,0,0,0,0,0
0,0,0,0,0,0,0,0,0,1,0,4,0,0,0,30,0,0,0,16,0,0,0,14,2,0,11,3,0,33,0,4,0,0,12,15,0,0,0,79,0,17,0,4,52,0,0,84,13,30,0,0,0,95,8,174,0,0,0,123,0,0,327,207,1,46,0,0,0,127,0,294,0,0,0,0,173,22,0,446,80,0,0,35,0,0,0,224,0,673,58,0,0,0,0,99,0,16,120,89,0,0,0,39,1,0,0,144,0,227,0,11,0,0,0,0,11,0,0,86,55,0,0,0,0,2,0,0,0,16,0,25,0,0,2,0,0,0,0,1,0,0,0,10,0,0,0,0,0,0,0,0,0,1,0,2,0,0,0,0,0,0,0,0,4,0,0,1,0,0,0,0,0,0,0,0,0,0,0,2,0,1,0,0,0,0,0,0,0,0,0,0,0,0,0,0,0,0,0,0,0,0,0,0,0,0,0,0,0,0,0,0,0,0,0,0,0,0,0,0,0,0,0,0,0,0,0,0,0,0,0,0,0,0,0,0,0,0,0,0,0,0,0,0,0,0,0,0,0,0,0,0,0,0,0,0
0,0,0,0,0,1,0,0,0,1,0,1,0,0,0,0,0,2,0,25,0,0,0,4,1,0,2,1,0,2,0,0,0,0,6,6,0,0,0,1,0,2,0,0,1,0,0,2,1,2,0,0,0,1,0,0,0,0,0,1,0,0,0,0,0,1,0,0,0,0,0,0,0,0,0,0,0,0,0,0,0,0,0,0,0,0,0,0,0,0,0,0,0,0,0,1,0,0,1,0,0,0,0,1,0,0,0,0,0,0,0,0,0,0,0,0,0,0,0,1,1,0,0,0,0,0,0,0,0,3,0,2,0,0,0,0,0,0,0,0,0,0,0,3,0,0,0,0,0,0,0,0,0,0,0,1,0,0,0,0,0,0,0,0,5,0,0,2,0,0,0,0,0,0,0,0,0,0,0,3,0,4,0,0,0,0,0,0,0,0,0,0,0,0,0,0,0,0,0,0,0,0,0,0,0,0,0,0,0,0,0,0,0,0,0,0,0,0,0,0,0,0,0,0,0,0,0,0,0,0,0,0,0,0,0,0,0,0,0,0,0,0,0,0,0,0,0,0,0,0,0,0,0,0,0,0
0,0,0,0,0,0,0,0,0,0,0,2,0,0,0,10,0,0,0,8,0,0,0,6,1,0,4,1,0,11,0,1,0,0,4,4,0,0,0,17,0,4,0,1,10,0,0,18,5,10,0,0,0,16,2,21,0,0,0,18,0,0,34,25,0,15,0,0,0,20,0,23,0,0,0,0,18,2,0,52,25,0,0,8,0,0,0,29,0,18,7,0,0,0,0,17,0,5,23,12,0,0,0,7,0,0,0,12,0,25,0,1,0,0,0,0,1,0,0,11,7,0,0,0,0,0,0,0,0,4,0,2,0,0,0,0,0,0,0,0,0,0,0,3,0,0,0,0,0,0,0,0,0,0,0,0,0,0,0,0,0,0,0,0,1,0,0,0,0,0,0,0,0,0,0,0,0,0,0,0,0,0,0,0,0,0,0,0,0,0,0,0,0,0,0,0,0,0,0,0,0,0,0,0,0,0,0,0,0,0,0,0,0,0,0,0,0,0,0,0,0,0,0,0,0,0,0,0,0,0,0,0,0,0,0,0,0,0,0,0,0,0,0,0,0,0,0,0,0,0,0,0,0,0,0,0
0,0,0,0,0,3,0,3,3,8,0,24,0,0,2,201,0,2,0,55,0,0,0,52,9,1,72,20,0,125,0,22,2,0,48,60,0,0,1,322,0,79,0,23,213,0,0,200,69,146,0,3,0,404,35,629,0,0,0,421,0,0,614,424,15,208,0,0,0,557,0,788,1,0,0,0,438,61,0,680,473,0,0,151,0,0,0,664,0,864,178,0,0,0,0,212,0,80,463,410,0,0,0,156,10,0,0,304,0,449,0,38,0,0,0,0,53,0,0,302,166,0,0,0,0,8,0,0,0,63,0,99,0,0,7,0,0,0,0,2,0,0,0,35,0,0,0,0,0,1,0,0,0,3,0,3,0,0,0,1,0,0,0,0,10,0,0,4,0,0,0,0,0,0,0,0,0,0,0,4,0,5,0,0,0,0,0,0,0,0,0,0,0,0,0,0,0,0,0,0,0,0,0,0,0,0,0,0,0,0,0,0,0,0,0,0,0,0,0,0,0,0,0,0,0,0,0,0,0,0,0,0,0,0,0,0,0,0,0,0,0,0,0,0,0,0,0,0,0,0,0,0,0,0,0,0
0,0,1,1,0,5,0,5,4,9,0,29,0,0,4,273,0,3,0,91,1,0,0,68,11,1,84,25,0,169,0,35,4,0,71,94,0,0,3,395,0,97,0,33,305,0,0,285,94,197,0,8,0,546,53,706,0,0,0,548,0,0,738,570,23,269,0,0,0,692,0,825,3,0,1,0,620,122,1,784,570,0,0,207,1,0,0,726,0,867,231,0,0,0,0,342,0,101,526,483,0,0,0,191,13,0,0,406,0,608,0,84,0,0,0,0,64,0,0,339,183,0,0,0,0,16,0,1,0,64,0,91,0,0,7,0,0,0,0,3,0,0,0,51,0,0,0,0,0,0,0,0,0,2,0,3,0,0,0,1,0,0,0,0,5,0,0,1,0,0,0,0,0,0,0,0,0,0,0,2,0,1,0,0,0,0,0,0,0,0,0,0,0,0,0,0,0,0,0,0,0,0,0,0,0,0,0,0,0,0,0,0,0,0,0,0,0,0,0,0,0,0,0,0,0,0,0,0,0,0,0,0,0,0,0,0,0,0,0,0,0,0,0,0,0,0,0,0,0,0,0,0,0,0,0,0
0,0,0,0,0,0,0,0,0,0,0,2,0,0,0,10,0,0,0,8,0,0,0,6,1,0,4,1,0,11,0,1,0,0,4,4,0,0,0,17,0,4,0,1,10,0,0,18,5,10,0,0,0,16,2,21,0,0,0,18,0,0,34,25,0,15,0,0,0,20,0,23,0,0,0,0,18,2,0,52,25,0,0,8,0,0,0,29,0,18,7,0,0,0,0,17,0,5,23,12,0,0,0,7,0,0,0,12,0,25,0,1,0,0,0,0,1,0,0,11,7,0,0,0,0,0,0,0,0,4,0,2,0,0,0,0,0,0,0,0,0,0,0,3,0,0,0,0,0,0,0,0,0,0,0,0,0,0,0,0,0,0,0,0,1,0,0,0,0,0,0,0,0,0,0,0,0,0,0,0,0,0,0,0,0,0,0,0,0,0,0,0,0,0,0,0,0,0,0,0,0,0,0,0,0,0,0,0,0,0,0,0,0,0,0,0,0,0,0,0,0,0,0,0,0,0,0,0,0,0,0,0,0,0,0,0,0,0,0,0,0,0,0,0,0,0,0,0,0,0,0,0,0,0,0,0
0,0,0,0,0,1,0,1,1,3,0,11,0,0,0,62,0,2,0,43,0,0,0,30,5,0,34,10,0,67,0,8,2,0,40,49,0,0,0,215,0,48,0,15,150,0,0,139,58,125,0,3,0,354,27,497,0,0,0,349,0,0,550,353,12,182,0,0,0,526,0,707,0,0,0,0,430,60,0,656,414,0,0,139,0,0,0,555,0,842,125,0,0,0,0,216,0,64,409,370,0,0,0,115,5,0,0,269,0,487,0,45,0,0,0,0,54,0,0,254,126,0,0,0,0,11,0,0,0,47,0,95,0,0,9,0,0,0,0,2,0,0,0,47,0,0,0,0,0,1,0,0,0,3,0,4,0,0,0,1,0,0,0,0,11,0,0,3,0,0,0,0,0,0,0,0,0,0,0,3,0,4,0,0,0,0,0,0,0,0,0,0,0,0,0,0,0,0,0,0,0,0,0,0,0,0,0,0,0,0,0,0,0,0,0,0,0,0,0,0,0,0,0,0,0,0,0,0,0,0,0,0,0,0,0,0,0,0,0,0,0,0,0,0,0,0,0,0,0,0,0,0,0,0,0,0
0,0,0,0,0,3,0,4,4,9,0,26,0,0,2,186,0,2,0,50,0,0,0,56,10,1,76,21,0,125,0,20,2,0,49,61,0,0,1,320,0,80,0,25,228,0,0,196,76,160,0,4,0,428,36,619,0,0,0,449,0,0,627,427,18,230,0,0,0,591,0,781,0,0,0,0,500,75,0,701,512,0,0,170,0,0,0,645,0,862,179,0,0,0,0,244,0,88,486,433,0,0,0,142,8,0,0,332,0,516,0,52,0,0,0,0,56,0,0,277,152,0,0,0,0,12,0,0,0,64,0,92,0,0,6,0,0,0,0,3,0,0,0,46,0,0,0,0,0,1,0,0,0,3,0,4,0,0,0,1,0,0,0,0,6,0,0,2,0,0,0,0,0,0,0,0,0,0,0,2,0,2,0,0,0,0,0,0,0,0,0,0,0,0,0,0,0,0,0,0,0,0,0,0,0,0,0,0,0,0,0,0,0,0,0,0,0,0,0,0,0,0,0,0,0,0,0,0,0,0,0,0,0,0,0,0,0,0,0,0,0,0,0,0,0,0,0,0,0,0,0,0,0,0,0,0
0,0,0,0,0,2,0,1,1,3,0,11,0,0,1,129,0,1,0,39,0,0,0,35,5,0,32,11,0,96,0,15,1,0,31,47,0,0,1,240,0,49,0,16,177,0,0,180,48,106,0,3,0,380,29,540,0,0,0,373,0,0,602,405,11,173,0,0,0,524,0,729,0,0,0,0,449,65,0,684,424,0,0,132,0,0,0,570,0,850,138,0,0,0,0,223,0,66,403,342,0,0,0,106,5,0,0,285,0,476,0,41,0,0,0,0,36,0,0,191,103,0,0,0,0,8,0,0,0,37,0,52,0,0,3,0,0,0,0,1,0,0,0,26,0,0,0,0,0,0,0,0,0,1,0,2,0,0,0,0,0,0,0,0,3,0,0,1,0,0,0,0,0,0,0,0,0,0,0,1,0,1,0,0,0,0,0,0,0,0,0,0,0,0,0,0,0,0,0,0,0,0,0,0,0,0,0,0,0,0,0,0,0,0,0,0,0,0,0,0,0,0,0,0,0,0,0,0,0,0,0,0,0,0,0,0,0,0,0,0,0,0,0,0,0,0,0,0,0,0,0,0,0,0,0,0
0,0,0,0,0,2,0,2,2,4,0,12,0,0,2,213,0,1,0,44,0,0,0,45,7,0,41,12,0,117,0,26,2,0,44,59,0,0,2,315,0,63,0,17,194,0,0,245,68,146,0,4,0,468,41,639,0,0,0,390,0,0,681,510,15,209,0,0,0,616,0,786,0,0,0,0,464,75,0,737,462,0,0,160,0,0,0,646,0,857,148,0,0,0,0,250,0,77,456,408,0,0,0,137,7,0,0,284,0,448,0,40,0,0,0,0,49,0,0,258,134,0,0,0,0,6,0,0,0,60,0,85,0,0,6,0,0,0,0,1,0,0,0,20,0,0,0,0,0,1,0,0,0,2,0,2,0,0,0,0,0,0,0,0,7,0,0,2,0,0,0,0,0,0,0,0,0,0,0,3,0,3,0,0,0,0,0,0,0,0,0,0,0,0,0,0,0,0,0,0,0,0,0,0,0,0,0,0,0,0,0,0,0,0,0,0,0,0,0,0,0,0,0,0,0,0,0,0,0,0,0,0,0,0,0,0,0,0,0,0,0,0,0,0,0,0,0,0,0,0,0,0,0,0,0,0
0,0,0,0,0,0,0,0,0,0,0,2,0,0,0,10,0,0,0,10,0,0,0,5,0,0,5,1,0,11,0,1,0,0,4,4,0,0,0,16,0,4,0,1,11,0,0,18,5,12,0,0,0,18,1,21,0,0,0,21,0,0,28,24,0,18,0,0,0,23,0,22,0,0,0,0,18,4,0,40,40,0,0,7,0,0,0,29,0,25,6,0,0,0,0,20,0,5,33,13,0,0,0,5,0,0,0,12,0,27,0,1,0,0,0,0,1,0,0,10,6,0,0,0,0,0,0,0,0,5,0,3,0,0,0,0,0,0,0,0,0,0,0,5,0,0,0,0,0,0,0,0,0,0,0,0,0,0,0,0,0,0,0,0,1,0,0,0,0,0,0,0,0,0,0,0,0,0,0,0,0,0,0,0,0,0,0,0,0,0,0,0,0,0,0,0,0,0,0,0,0,0,0,0,0,0,0,0,0,0,0,0,0,0,0,0,0,0,0,0,0,0,0,0,0,0,0,0,0,0,0,0,0,0,0,0,0,0,0,0,0,0,0,0,0,0,0,0,0,0,0,0,0,0,0,0
0,0,0,0,0,0,0,0,0,0,0,2,0,0,0,10,0,0,0,8,0,0,0,6,1,0,4,1,0,11,0,1,0,0,4,4,0,0,0,17,0,4,0,1,10,0,0,18,5,10,0,0,0,16,2,21,0,0,0,18,0,0,34,25,0,15,0,0,0,20,0,23,0,0,0,0,18,2,0,52,25,0,0,8,0,0,0,29,0,18,7,0,0,0,0,17,0,5,23,12,0,0,0,7,0,0,0,12,0,25,0,1,0,0,0,0,1,0,0,11,7,0,0,0,0,0,0,0,0,4,0,2,0,0,0,0,0,0,0,0,0,0,0,3,0,0,0,0,0,0,0,0,0,0,0,0,0,0,0,0,0,0,0,0,1,0,0,0,0,0,0,0,0,0,0,0,0,0,0,0,0,0,0,0,0,0,0,0,0,0,0,0,0,0,0,0,0,0,0,0,0,0,0,0,0,0,0,0,0,0,0,0,0,0,0,0,0,0,0,0,0,0,0,0,0,0,0,0,0,0,0,0,0,0,0,0,0,0,0,0,0,0,0,0,0,0,0,0,0,0,0,0,0,0,0,0
0,0,0,0,0,0,0,0,0,0,0,2,0,0,0,10,0,0,0,8,0,0,0,6,1,0,4,1,0,11,0,1,0,0,4,4,0,0,0,17,0,4,0,1,10,0,0,18,5,10,0,0,0,16,2,21,0,0,0,18,0,0,34,25,0,15,0,0,0,20,0,23,0,0,0,0,18,2,0,52,25,0,0,8,0,0,0,29,0,18,7,0,0,0,0,17,0,5,23,12,0,0,0,7,0,0,0,12,0,25,0,1,0,0,0,0,1,0,0,11,7,0,0,0,0,0,0,0,0,4,0,2,0,0,0,0,0,0,0,0,0,0,0,3,0,0,0,0,0,0,0,0,0,0,0,0,0,0,0,0,0,0,0,0,1,0,0,0,0,0,0,0,0,0,0,0,0,0,0,0,0,0,0,0,0,0,0,0,0,0,0,0,0,0,0,0,0,0,0,0,0,0,0,0,0,0,0,0,0,0,0,0,0,0,0,0,0,0,0,0,0,0,0,0,0,0,0,0,0,0,0,0,0,0,0,0,0,0,0,0,0,0,0,0,0,0,0,0,0,0,0,0,0,0,0,0
0,0,0,0,0,3,0,3,3,6,0,18,0,0,1,148,0,2,0,54,0,0,0,51,8,1,58,16,0,105,0,17,2,0,49,65,0,0,2,326,0,73,0,21,199,0,0,197,73,157,0,5,0,464,41,651,0,0,0,415,0,0,629,440,16,221,0,0,0,619,0,801,1,0,0,0,458,68,0,707,485,0,0,167,0,0,0,683,0,864,172,0,0,0,0,239,0,80,468,426,0,0,0,160,10,0,0,297,0,470,0,45,0,0,0,0,56,0,0,299,161,0,0,0,0,8,0,0,0,53,0,93,0,0,7,0,0,0,0,2,0,0,0,32,0,0,0,0,0,1,0,0,0,2,0,2,0,0,0,0,0,0,0,0,9,0,0,3,0,0,0,0,0,0,0,0,0,0,0,3,0,4,0,0,0,0,0,0,0,0,0,0,0,0,0,0,0,0,0,0,0,0,0,0,0,0,0,0,0,0,0,0,0,0,0,0,0,0,0,0,0,0,0,0,0,0,0,0,0,0,0,0,0,0,0,0,0,0,0,0,0,0,0,0,0,0,0,0,0,0,0,0,0,0,0,0
0,0,0,0,0,0,0,0,0,0,0,2,0,0,0,10,0,0,0,8,0,0,0,6,1,0,4,1,0,11,0,1,0,0,4,4,0,0,0,17,0,4,0,1,10,0,0,18,5,10,0,0,0,16,2,21,0,0,0,18,0,0,34,25,0,15,0,0,0,20,0,23,0,0,0,0,18,2,0,52,25,0,0,8,0,0,0,29,0,18,7,0,0,0,0,17,0,5,23,12,0,0,0,7,0,0,0,12,0,25,0,1,0,0,0,0,1,0,0,11,7,0,0,0,0,0,0,0,0,4,0,2,0,0,0,0,0,0,0,0,0,0,0,3,0,0,0,0,0,0,0,0,0,0,0,0,0,0,0,0,0,0,0,0,1,0,0,0,0,0,0,0,0,0,0,0,0,0,0,0,0,0,0,0,0,0,0,0,0,0,0,0,0,0,0,0,0,0,0,0,0,0,0,0,0,0,0,0,0,0,0,0,0,0,0,0,0,0,0,0,0,0,0,0,0,0,0,0,0,0,0,0,0,0,0,0,0,0,0,0,0,0,0,0,0,0,0,0,0,0,0,0,0,0,0,0
0,0,0,0,0,0,0,0,0,0,0,0,0,0,0,0,0,0,0,3,0,0,0,2,0,0,0,0,0,0,0,0,0,0,0,1,0,0,0,6,0,1,0,0,1,0,0,1,0,0,0,0,0,4,0,3,0,0,0,3,0,0,0,1,0,1,0,0,0,1,0,1,0,0,0,0,1,0,0,1,0,0,0,1,0,0,0,2,0,0,1,0,0,0,0,1,0,0,3,2,0,0,0,1,0,0,0,1,0,2,0,0,0,0,0,0,0,0,0,1,2,0,0,0,0,0,0,0,0,1,0,0,0,0,0,0,0,0,0,0,0,0,0,0,0,0,0,0,0,0,0,0,0,0,0,0,0,0,0,0,0,0,0,0,1,0,0,0,0,0,0,0,0,0,0,0,0,0,0,0,0,0,0,0,0,0,0,0,0,0,0,0,0,0,0,0,0,0,0,0,0,0,0,0,0,0,0,0,0,0,0,0,0,0,0,0,0,0,0,0,0,0,0,0,0,0,0,0,0,0,0,0,0,0,0,0,0,0,0,0,0,0,0,0,0,0,0,0,0,0,0,0,0,0,0,0
0,0,0,0,0,0,0,0,0,0,0,0,0,0,0,0,0,1,0,12,0,0,0,0,0,0,0,0,0,0,0,0,0,0,2,2,0,0,0,0,0,0,0,0,0,0,0,0,0,0,0,0,0,0,0,0,0,0,0,0,0,0,0,0,0,0,0,0,0,0,0,0,0,0,0,0,0,0,0,0,0,0,0,0,0,0,0,0,0,0,0,0,0,0,0,0,0,0,0,0,0,0,0,0,0,0,0,0,0,0,0,0,0,0,0,0,0,0,0,0,0,0,0,0,0,0,0,0,0,1,0,0,0,0,0,0,0,0,0,0,0,0,0,2,0,0,0,0,0,0,0,0,0,0,0,0,0,0,0,0,0,0,0,0,5,0,0,2,0,0,0,0,0,0,0,0,0,0,0,3,0,3,0,0,0,0,0,0,0,0,0,0,0,0,0,0,0,0,0,0,0,0,0,0,0,0,0,0,0,0,0,0,0,0,0,0,0,0,0,0,0,0,0,0,0,0,0,0,0,0,0,0,0,0,0,0,0,0,0,0,0,0,0,0,0,0,0,0,0,0,0,0,0,0,0,0
0,0,0,0,0,0,0,0,0,0,0,2,0,0,0,10,0,0,0,8,0,0,0,6,1,0,4,1,0,11,0,1,0,0,4,4,0,0,0,17,0,4,0,1,10,0,0,18,5,10,0,0,0,16,2,21,0,0,0,18,0,0,34,25,0,15,0,0,0,20,0,23,0,0,0,0,18,2,0,52,25,0,0,8,0,0,0,29,0,18,7,0,0,0,0,17,0,5,23,12,0,0,0,7,0,0,0,12,0,25,0,1,0,0,0,0,1,0,0,11,7,0,0,0,0,0,0,0,0,4,0,2,0,0,0,0,0,0,0,0,0,0,0,3,0,0,0,0,0,0,0,0,0,0,0,0,0,0,0,0,0,0,0,0,1,0,0,0,0,0,0,0,0,0,0,0,0,0,0,0,0,0,0,0,0,0,0,0,0,0,0,0,0,0,0,0,0,0,0,0,0,0,0,0,0,0,0,0,0,0,0,0,0,0,0,0,0,0,0,0,0,0,0,0,0,0,0,0,0,0,0,0,0,0,0,0,0,0,0,0,0,0,0,0,0,0,0,0,0,0,0,0,0,0,0,0
0,0,0,0,0,0,0,0,0,1,0,3,0,0,0,6,0,1,0,9,0,0,0,5,1,0,4,1,0,8,0,1,0,0,4,4,0,0,0,16,0,5,0,1,9,0,0,21,5,9,0,0,0,15,1,20,0,0,0,18,0,0,27,27,0,15,0,0,0,15,0,22,0,0,0,0,18,4,0,43,20,0,0,10,0,0,0,28,0,9,10,0,0,0,0,22,0,5,23,17,0,0,0,13,0,0,0,14,0,26,0,2,0,0,0,0,1,0,0,13,11,0,0,0,0,0,0,0,0,4,0,2,0,0,0,0,0,0,0,0,0,0,0,5,0,0,0,0,0,0,0,0,0,0,0,0,0,0,0,0,0,0,0,0,1,0,0,0,0,0,0,0,0,0,0,0,0,0,0,0,0,0,0,0,0,0,0,0,0,0,0,0,0,0,0,0,0,0,0,0,0,0,0,0,0,0,0,0,0,0,0,0,0,0,0,0,0,0,0,0,0,0,0,0,0,0,0,0,0,0,0,0,0,0,0,0,0,0,0,0,0,0,0,0,0,0,0,0,0,0,0,0,0,0,0,0
0,0,0,0,0,4,0,4,4,9,0,25,0,0,2,189,0,2,0,74,0,0,0,61,10,1,75,20,0,124,0,21,3,0,60,75,0,0,2,331,0,82,0,24,224,0,0,204,78,165,0,5,0,440,37,621,0,0,0,449,0,0,641,447,16,221,0,0,0,588,0,779,0,0,0,0,512,79,0,718,486,0,0,163,0,0,0,645,0,863,186,0,0,0,0,263,0,82,466,415,0,0,0,146,9,0,0,355,0,548,0,61,0,0,0,0,55,0,0,292,161,0,0,0,0,14,0,1,0,62,0,92,0,0,7,0,0,0,0,3,0,0,0,55,0,0,0,0,0,1,0,0,0,3,0,4,0,0,0,1,0,0,0,0,8,0,0,3,0,0,0,0,0,0,0,0,0,0,0,3,0,3,0,0,0,0,0,0,0,0,0,0,0,0,0,0,0,0,0,0,0,0,0,0,0,0,0,0,0,0,0,0,0,0,0,0,0,0,0,0,0,0,0,0,0,0,0,0,0,0,0,0,0,0,0,0,0,0,0,0,0,0,0,0,0,0,0,0,0,0,0,0,0,0,0,0
0,0,0,0,0,0,0,0,0,0,0,2,0,0,0,10,0,0,0,8,0,0,0,6,1,0,4,1,0,11,0,1,0,0,4,4,0,0,0,17,0,4,0,1,10,0,0,18,5,10,0,0,0,16,2,21,0,0,0,18,0,0,34,25,0,15,0,0,0,20,0,23,0,0,0,0,18,2,0,52,25,0,0,8,0,0,0,29,0,18,7,0,0,0,0,17,0,5,23,12,0,0,0,7,0,0,0,12,0,25,0,1,0,0,0,0,1,0,0,11,7,0,0,0,0,0,0,0,0,4,0,2,0,0,0,0,0,0,0,0,0,0,0,3,0,0,0,0,0,0,0,0,0,0,0,0,0,0,0,0,0,0,0,0,1,0,0,0,0,0,0,0,0,0,0,0,0,0,0,0,0,0,0,0,0,0,0,0,0,0,0,0,0,0,0,0,0,0,0,0,0,0,0,0,0,0,0,0,0,0,0,0,0,0,0,0,0,0,0,0,0,0,0,0,0,0,0,0,0,0,0,0,0,0,0,0,0,0,0,0,0,0,0,0,0,0,0,0,0,0,0,0,0,0,0,0
0,0,0,0,0,0,0,0,0,0,0,2,0,0,0,10,0,0,0,8,0,0,0,6,1,0,4,1,0,11,0,1,0,0,4,4,0,0,0,17,0,4,0,1,10,0,0,18,5,10,0,0,0,16,2,21,0,0,0,18,0,0,34,25,0,15,0,0,0,20,0,23,0,0,0,0,18,2,0,52,25,0,0,8,0,0,0,29,0,18,7,0,0,0,0,17,0,5,23,12,0,0,0,7,0,0,0,12,0,25,0,1,0,0,0,0,1,0,0,11,7,0,0,0,0,0,0,0,0,4,0,2,0,0,0,0,0,0,0,0,0,0,0,3,0,0,0,0,0,0,0,0,0,0,0,0,0,0,0,0,0,0,0,0,1,0,0,0,0,0,0,0,0,0,0,0,0,0,0,0,0,0,0,0,0,0,0,0,0,0,0,0,0,0,0,0,0,0,0,0,0,0,0,0,0,0,0,0,0,0,0,0,0,0,0,0,0,0,0,0,0,0,0,0,0,0,0,0,0,0,0,0,0,0,0,0,0,0,0,0,0,0,0,0,0,0,0,0,0,0,0,0,0,0,0,0
0,0,0,0,0,0,0,0,0,0,0,0,0,0,0,0,0,0,0,0,0,0,0,0,0,0,0,0,0,0,0,0,0,0,0,0,0,0,0,1,0,0,0,0,0,0,0,1,0,0,0,0,0,1,0,1,0,0,0,1,0,0,0,1,0,0,0,0,0,1,0,0,0,0,0,0,1,0,0,1,0,0,0,1,0,0,0,1,0,0,1,0,0,0,0,1,0,0,1,1,0,0,0,1,0,0,0,1,0,2,0,0,0,0,0,0,0,0,0,1,1,0,0,0,0,0,0,0,0,0,0,0,0,0,0,0,0,0,0,0,0,0,0,0,0,0,0,0,0,0,0,0,0,0,0,0,0,0,0,0,0,0,0,0,0,0,0,0,0,0,0,0,0,0,0,0,0,0,0,0,0,0,0,0,0,0,0,0,0,0,0,0,0,0,0,0,0,0,0,0,0,0,0,0,0,0,0,0,0,0,0,0,0,0,0,0,0,0,0,0,0,0,0,0,0,0,0,0,0,0,0,0,0,0,0,0,0,0,0,0,0,0,0,0,0,0,0,0,0,0,0,0,0,0,0,0
0,0,0,0,0,3,0,2,2,6,0,17,0,0,2,159,0,2,0,56,0,0,0,48,8,0,51,15,0,109,0,19,2,0,49,66,0,0,1,297,0,64,0,20,202,0,0,211,67,146,0,4,0,444,36,604,0,0,0,405,0,0,648,461,14,198,0,0,0,591,0,770,0,0,0,0,471,73,0,716,429,0,0,154,0,0,0,625,0,857,152,0,0,0,0,242,0,68,432,392,0,0,0,128,7,0,0,294,0,464,0,42,0,0,0,0,49,0,0,241,127,0,0,0,0,7,0,0,0,45,0,81,0,0,5,0,0,0,0,1,0,0,0,25,0,0,0,0,0,1,0,0,0,2,0,2,0,0,0,0,0,0,0,0,7,0,0,2,0,0,0,0,0,0,0,0,0,0,0,3,0,2,0,0,0,0,0,0,0,0,0,0,0,0,0,0,0,0,0,0,0,0,0,0,0,0,0,0,0,0,0,0,0,0,0,0,0,0,0,0,0,0,0,0,0,0,0,0,0,0,0,0,0,0,0,0,0,0,0,0,0,0,0,0,0,0,0,0,0,0,0,0,0,0,0,0
0,0,0,0,0,3,3,3,3,4,0,4,0,0,1,2,0,2,0,20,0,1,0,16,7,1,6,3,0,12,0,7,0,0,5,7,0,0,0,5,0,6,0,2,6,0,0,43,1,1,0,0,0,2,0,3,0,0,0,2,0,0,12,26,0,1,0,0,0,0,0,0,0,0,0,0,2,9,0,19,0,0,0,1,0,0,0,0,0,0,0,0,0,0,0,51,0,0,1,0,0,0,0,6,0,0,0,1,0,12,0,15,0,0,0,0,0,0,0,0,1,0,0,0,0,0,0,0,0,4,0,1,0,0,0,0,0,0,0,0,0,0,0,24,0,0,0,0,0,0,0,0,0,0,0,1,0,0,0,1,0,0,0,0,6,0,0,1,0,0,0,0,0,0,0,0,0,0,0,4,0,4,0,0,0,0,0,0,0,0,0,0,0,0,0,0,0,0,0,0,0,0,0,0,0,0,0,0,0,0,0,0,0,0,0,0,0,0,0,0,0,0,0,0,0,0,0,0,0,0,0,0,0,0,0,0,0,0,0,0,0,0,0,0,0,0,0,0,0,0,0,0,0,0,0,0
0,0,0,0,0,3,0,3,3,7,0,22,0,0,2,183,0,2,0,67,0,0,0,52,9,1,65,19,0,122,0,20,3,0,55,69,0,0,1,288,0,71,0,23,225,0,0,197,70,151,0,4,0,403,32,561,0,0,0,445,0,0,630,430,14,199,0,0,0,551,0,738,0,0,0,0,509,77,0,704,431,0,0,148,0,0,0,582,0,853,152,0,0,0,0,245,0,70,426,376,0,0,0,117,6,0,0,308,0,513,0,51,0,0,0,0,47,0,0,239,125,0,0,0,0,10,0,0,0,54,0,77,0,0,6,0,0,0,0,2,0,0,0,38,0,0,0,0,0,1,0,0,0,2,0,3,0,0,0,1,0,0,0,0,7,0,0,2,0,0,0,0,0,0,0,0,0,0,0,2,0,3,0,0,0,0,0,0,0,0,0,0,0,0,0,0,0,0,0,0,0,0,0,0,0,0,0,0,0,0,0,0,0,0,0,0,0,0,0,0,0,0,0,0,0,0,0,0,0,0,0,0,0,0,0,0,0,0,0,0,0,0,0,0,0,0,0,0,0,0,0,0,0,0,0,0
0,0,0,0,0,0,0,0,0,0,0,2,0,0,0,10,0,0,0,8,0,0,0,6,1,0,4,1,0,11,0,1,0,0,4,4,0,0,0,17,0,4,0,1,10,0,0,18,5,10,0,0,0,16,2,21,0,0,0,18,0,0,34,25,0,15,0,0,0,20,0,23,0,0,0,0,18,2,0,52,25,0,0,8,0,0,0,29,0,18,7,0,0,0,0,17,0,5,23,12,0,0,0,7,0,0,0,12,0,25,0,1,0,0,0,0,1,0,0,11,7,0,0,0,0,0,0,0,0,4,0,2,0,0,0,0,0,0,0,0,0,0,0,3,0,0,0,0,0,0,0,0,0,0,0,0,0,0,0,0,0,0,0,0,1,0,0,0,0,0,0,0,0,0,0,0,0,0,0,0,0,0,0,0,0,0,0,0,0,0,0,0,0,0,0,0,0,0,0,0,0,0,0,0,0,0,0,0,0,0,0,0,0,0,0,0,0,0,0,0,0,0,0,0,0,0,0,0,0,0,0,0,0,0,0,0,0,0,0,0,0,0,0,0,0,0,0,0,0,0,0,0,0,0,0,0
0,0,0,0,0,0,0,0,0,0,0,2,0,0,0,10,0,0,0,8,0,0,0,6,1,0,4,1,0,11,0,1,0,0,4,4,0,0,0,17,0,4,0,1,10,0,0,18,5,10,0,0,0,16,2,21,0,0,0,18,0,0,34,25,0,15,0,0,0,20,0,23,0,0,0,0,18,2,0,52,25,0,0,8,0,0,0,29,0,18,7,0,0,0,0,17,0,5,23,12,0,0,0,7,0,0,0,12,0,25,0,1,0,0,0,0,1,0,0,11,7,0,0,0,0,0,0,0,0,4,0,2,0,0,0,0,0,0,0,0,0,0,0,3,0,0,0,0,0,0,0,0,0,0,0,0,0,0,0,0,0,0,0,0,1,0,0,0,0,0,0,0,0,0,0,0,0,0,0,0,0,0,0,0,0,0,0,0,0,0,0,0,0,0,0,0,0,0,0,0,0,0,0,0,0,0,0,0,0,0,0,0,0,0,0,0,0,0,0,0,0,0,0,0,0,0,0,0,0,0,0,0,0,0,0,0,0,0,0,0,0,0,0,0,0,0,0,0,0,0,0,0,0,0,0,0
0,0,0,0,0,1,0,0,1,2,0,5,0,0,0,4,0,1,0,7,0,0,0,3,1,0,2,3,0,6,0,3,0,0,3,4,0,0,0,3,0,5,0,2,3,0,0,25,4,5,0,0,0,3,1,7,0,0,0,4,0,0,7,17,1,10,0,0,0,3,0,2,0,0,0,0,4,17,0,8,8,0,0,6,0,0,0,7,0,0,7,0,0,0,0,26,0,7,9,3,0,0,0,7,1,0,0,5,0,5,0,4,0,0,0,0,1,0,0,4,5,0,0,0,0,0,0,0,0,3,0,1,0,0,0,0,0,0,0,0,0,0,0,1,0,0,0,0,0,0,0,0,0,0,0,0,0,0,0,0,0,0,0,0,0,0,0,0,0,0,0,0,0,0,0,0,0,0,0,0,0,0,0,0,0,0,0,0,0,0,0,0,0,0,0,0,0,0,0,0,0,0,0,0,0,0,0,0,0,0,0,0,0,0,0,0,0,0,0,0,0,0,0,0,0,0,0,0,0,0,0,0,0,0,0,0,0,0,0,0,0,0,0,0,0,0,0,0,0,0,0,0,0,0,0,0
0,0,0,0,0,0,0,0,0,0,0,2,0,0,0,10,0,0,0,8,0,0,0,6,1,0,4,1,0,11,0,1,0,0,4,4,0,0,0,17,0,4,0,1,10,0,0,18,5,10,0,0,0,16,2,21,0,0,0,18,0,0,34,25,0,15,0,0,0,20,0,23,0,0,0,0,18,2,0,52,25,0,0,8,0,0,0,29,0,18,7,0,0,0,0,17,0,5,23,12,0,0,0,7,0,0,0,12,0,25,0,1,0,0,0,0,1,0,0,11,7,0,0,0,0,0,0,0,0,4,0,2,0,0,0,0,0,0,0,0,0,0,0,3,0,0,0,0,0,0,0,0,0,0,0,0,0,0,0,0,0,0,0,0,1,0,0,0,0,0,0,0,0,0,0,0,0,0,0,0,0,0,0,0,0,0,0,0,0,0,0,0,0,0,0,0,0,0,0,0,0,0,0,0,0,0,0,0,0,0,0,0,0,0,0,0,0,0,0,0,0,0,0,0,0,0,0,0,0,0,0,0,0,0,0,0,0,0,0,0,0,0,0,0,0,0,0,0,0,0,0,0,0,0,0,0
0,0,1,1,0,5,0,5,5,12,0,33,0,0,1,139,0,3,0,85,0,0,0,62,11,1,96,25,0,112,0,15,4,0,70,81,0,0,2,329,0,86,0,26,221,0,0,159,94,190,0,5,0,417,35,608,0,0,0,447,0,0,567,361,19,237,0,0,0,550,0,766,0,0,0,0,473,64,0,654,511,0,0,150,0,0,0,616,0,860,165,0,0,0,0,215,0,82,452,380,0,0,0,130,8,0,0,310,0,491,0,47,0,0,0,0,46,0,0,261,145,0,0,0,0,11,0,0,0,66,0,86,0,0,6,0,0,0,0,3,0,0,0,56,0,0,0,0,0,1,0,0,0,3,0,5,0,0,0,2,0,0,0,0,8,0,0,3,0,0,0,0,0,0,0,0,0,0,0,4,0,3,0,0,0,0,0,0,0,0,0,0,0,0,0,0,0,0,0,0,0,0,0,0,0,0,0,0,0,0,0,0,0,0,0,0,0,0,0,0,0,0,0,0,0,0,0,0,0,0,0,0,0,0,0,0,0,0,0,0,0,0,0,0,0,0,0,0,0,0,0,0,0,0,0,0
0,0,0,0,0,0,0,0,0,2,0,6,0,0,0,0,0,0,0,12,0,0,0,1,0,0,3,2,0,2,0,0,0,0,4,4,0,0,0,0,0,1,0,0,1,0,0,2,2,4,0,0,0,0,0,0,0,0,0,1,0,0,0,1,0,4,0,0,0,0,0,0,0,0,0,0,0,0,0,0,3,0,0,1,0,0,0,0,0,0,0,0,0,0,0,1,0,2,9,3,0,0,0,0,0,0,0,0,0,2,0,0,0,0,0,0,0,0,0,0,0,0,0,0,0,0,0,0,0,9,0,6,0,0,0,0,0,0,0,0,0,0,0,2,0,0,0,0,0,0,0,0,0,0,0,1,0,0,0,0,0,0,0,0,4,0,0,1,0,0,0,0,0,0,0,0,0,0,0,2,0,2,0,0,0,0,0,0,0,0,0,0,0,0,0,0,0,0,0,0,0,0,0,0,0,0,0,0,0,0,0,0,0,0,0,0,0,0,0,0,0,0,0,0,0,0,0,0,0,0,0,0,0,0,0,0,0,0,0,0,0,0,0,0,0,0,0,0,0,0,0,0,0,0,0,0
0,0,0,0,0,0,0,0,0,0,0,2,0,0,0,10,0,0,0,8,0,0,0,6,1,0,4,1,0,11,0,1,0,0,4,4,0,0,0,17,0,4,0,1,10,0,0,18,5,10,0,0,0,16,2,21,0,0,0,18,0,0,34,25,0,15,0,0,0,20,0,23,0,0,0,0,18,2,0,52,25,0,0,8,0,0,0,29,0,18,7,0,0,0,0,17,0,5,23,12,0,0,0,7,0,0,0,12,0,25,0,1,0,0,0,0,1,0,0,11,7,0,0,0,0,0,0,0,0,4,0,2,0,0,0,0,0,0,0,0,0,0,0,3,0,0,0,0,0,0,0,0,0,0,0,0,0,0,0,0,0,0,0,0,1,0,0,0,0,0,0,0,0,0,0,0,0,0,0,0,0,0,0,0,0,0,0,0,0,0,0,0,0,0,0,0,0,0,0,0,0,0,0,0,0,0,0,0,0,0,0,0,0,0,0,0,0,0,0,0,0,0,0,0,0,0,0,0,0,0,0,0,0,0,0,0,0,0,0,0,0,0,0,0,0,0,0,0,0,0,0,0,0,0,0,0
0,0,0,0,0,1,0,1,2,3,0,7,0,0,0,2,0,1,0,7,0,0,0,2,0,0,1,3,0,3,0,1,0,0,3,4,0,0,0,2,0,4,0,1,2,0,0,11,4,5,0,0,0,4,0,15,0,0,0,4,0,0,11,9,1,10,0,0,0,4,0,7,0,0,0,0,6,2,0,17,4,0,0,8,0,0,0,13,0,1,6,0,0,0,0,14,0,7,7,4,0,0,0,4,0,0,0,5,0,5,0,2,0,0,0,0,1,0,0,4,3,0,0,0,0,0,0,0,0,1,0,1,0,0,0,0,0,0,0,0,0,0,0,0,0,0,0,0,0,0,0,0,0,0,0,0,0,0,0,0,0,0,0,0,0,0,0,0,0,0,0,0,0,0,0,0,0,0,0,0,0,0,0,0,0,0,0,0,0,0,0,0,0,0,0,0,0,0,0,0,0,0,0,0,0,0,0,0,0,0,0,0,0,0,0,0,0,0,0,0,0,0,0,0,0,0,0,0,0,0,0,0,0,0,0,0,0,0,0,0,0,0,0,0,0,0,0,0,0,0,0,0,0,0,0,0
0,0,0,0,0,0,0,0,0,0,0,2,0,0,0,10,0,0,0,8,0,0,0,6,1,0,4,1,0,11,0,1,0,0,4,4,0,0,0,17,0,4,0,1,10,0,0,18,5,10,0,0,0,16,2,21,0,0,0,18,0,0,34,25,0,15,0,0,0,20,0,23,0,0,0,0,18,2,0,52,25,0,0,8,0,0,0,29,0,18,7,0,0,0,0,17,0,5,23,12,0,0,0,7,0,0,0,12,0,25,0,1,0,0,0,0,1,0,0,11,7,0,0,0,0,0,0,0,0,4,0,2,0,0,0,0,0,0,0,0,0,0,0,3,0,0,0,0,0,0,0,0,0,0,0,0,0,0,0,0,0,0,0,0,1,0,0,0,0,0,0,0,0,0,0,0,0,0,0,0,0,0,0,0,0,0,0,0,0,0,0,0,0,0,0,0,0,0,0,0,0,0,0,0,0,0,0,0,0,0,0,0,0,0,0,0,0,0,0,0,0,0,0,0,0,0,0,0,0,0,0,0,0,0,0,0,0,0,0,0,0,0,0,0,0,0,0,0,0,0,0,0,0,0,0,0
0,0,1,0,0,2,0,1,2,4,0,12,0,0,0,53,0,3,0,51,0,0,0,31,5,0,37,10,0,57,0,6,2,0,37,45,0,0,0,173,0,42,0,13,124,0,0,95,44,97,0,2,0,283,19,368,0,0,0,312,0,0,420,238,7,137,0,0,0,431,0,561,0,0,0,0,389,47,0,542,299,0,0,127,0,0,0,417,0,797,103,0,0,0,0,166,0,47,349,334,0,0,0,84,3,0,0,268,0,451,0,34,0,0,0,0,52,0,0,224,112,0,0,0,0,8,0,0,0,35,0,73,0,0,9,0,0,0,0,2,0,0,0,32,0,0,0,0,0,1,0,0,0,3,0,3,0,0,0,1,0,0,0,0,7,0,0,3,0,0,0,0,0,0,0,0,0,0,0,2,0,2,0,0,0,0,0,0,0,0,0,0,0,0,0,0,0,0,0,0,0,0,0,0,0,0,0,0,0,0,0,0,0,0,0,0,0,0,0,0,0,0,0,0,0,0,0,0,0,0,0,0,0,0,0,0,0,0,0,0,0,0,0,0,0,0,0,0,0,0,0,0,0,0,0,0
0,0,0,0,0,0,0,0,0,0,0,2,0,0,0,10,0,0,0,8,0,0,0,6,1,0,4,1,0,11,0,1,0,0,4,4,0,0,0,17,0,4,0,1,10,0,0,18,5,10,0,0,0,16,2,21,0,0,0,18,0,0,34,25,0,15,0,0,0,20,0,23,0,0,0,0,18,2,0,52,25,0,0,8,0,0,0,29,0,18,7,0,0,0,0,17,0,5,23,12,0,0,0,7,0,0,0,12,0,25,0,1,0,0,0,0,1,0,0,11,7,0,0,0,0,0,0,0,0,4,0,2,0,0,0,0,0,0,0,0,0,0,0,3,0,0,0,0,0,0,0,0,0,0,0,0,0,0,0,0,0,0,0,0,1,0,0,0,0,0,0,0,0,0,0,0,0,0,0,0,0,0,0,0,0,0,0,0,0,0,0,0,0,0,0,0,0,0,0,0,0,0,0,0,0,0,0,0,0,0,0,0,0,0,0,0,0,0,0,0,0,0,0,0,0,0,0,0,0,0,0,0,0,0,0,0,0,0,0,0,0,0,0,0,0,0,0,0,0,0,0,0,0,0,0,0
0,0,0,0,0,3,0,3,3,8,0,21,0,0,1,91,0,2,0,57,0,0,0,48,8,1,67,17,0,86,0,11,3,0,51,64,0,0,1,287,0,70,0,21,182,0,0,143,76,159,0,4,0,401,32,572,0,0,0,404,0,0,534,338,16,213,0,0,0,535,0,741,0,0,0,0,421,54,0,630,462,0,0,143,0,0,0,577,0,854,143,0,0,0,0,198,0,75,441,380,0,0,0,110,6,0,0,273,0,452,0,39,0,0,0,0,46,0,0,219,120,0,0,0,0,9,0,0,0,59,0,96,0,0,6,0,0,0,0,2,0,0,0,43,0,0,0,0,0,1,0,0,0,2,0,4,0,0,0,1,0,0,0,0,9,0,0,3,0,0,0,0,0,0,0,0,0,0,0,4,0,4,0,0,0,0,0,0,0,0,0,0,0,0,0,0,0,0,0,0,0,0,0,0,0,0,0,0,0,0,0,0,0,0,0,0,0,0,0,0,0,0,0,0,0,0,0,0,0,0,0,0,0,0,0,0,0,0,0,0,0,0,0,0,0,0,0,0,0,0,0,0,0,0,0,0
0,0,0,0,0,0,0,0,0,0,0,2,0,0,0,10,0,0,0,8,0,0,0,6,1,0,4,1,0,11,0,1,0,0,4,4,0,0,0,17,0,4,0,1,10,0,0,18,5,10,0,0,0,16,2,21,0,0,0,18,0,0,34,25,0,15,0,0,0,20,0,23,0,0,0,0,18,2,0,52,25,0,0,8,0,0,0,29,0,18,7,0,0,0,0,17,0,5,23,12,0,0,0,7,0,0,0,12,0,25,0,1,0,0,0,0,1,0,0,11,7,0,0,0,0,0,0,0,0,4,0,2,0,0,0,0,0,0,0,0,0,0,0,3,0,0,0,0,0,0,0,0,0,0,0,0,0,0,0,0,0,0,0,0,1,0,0,0,0,0,0,0,0,0,0,0,0,0,0,0,0,0,0,0,0,0,0,0,0,0,0,0,0,0,0,0,0,0,0,0,0,0,0,0,0,0,0,0,0,0,0,0,0,0,0,0,0,0,0,0,0,0,0,0,0,0,0,0,0,0,0,0,0,0,0,0,0,0,0,0,0,0,0,0,0,0,0,0,0,0,0,0,0,0,0,0
0,0,0,0,0,0,0,0,0,0,0,2,0,0,0,10,0,0,0,8,0,0,0,6,1,0,4,1,0,11,0,1,0,0,4,4,0,0,0,17,0,4,0,1,10,0,0,18,5,10,0,0,0,16,2,21,0,0,0,18,0,0,34,25,0,15,0,0,0,20,0,23,0,0,0,0,18,2,0,52,25,0,0,8,0,0,0,29,0,18,7,0,0,0,0,17,0,5,23,12,0,0,0,7,0,0,0,12,0,25,0,1,0,0,0,0,1,0,0,11,7,0,0,0,0,0,0,0,0,4,0,2,0,0,0,0,0,0,0,0,0,0,0,3,0,0,0,0,0,0,0,0,0,0,0,0,0,0,0,0,0,0,0,0,1,0,0,0,0,0,0,0,0,0,0,0,0,0,0,0,0,0,0,0,0,0,0,0,0,0,0,0,0,0,0,0,0,0,0,0,0,0,0,0,0,0,0,0,0,0,0,0,0,0,0,0,0,0,0,0,0,0,0,0,0,0,0,0,0,0,0,0,0,0,0,0,0,0,0,0,0,0,0,0,0,0,0,0,0,0,0,0,0,0,0,0
0,0,0,0,0,0,0,0,0,0,0,0,0,0,0,0,0,0,0,0,0,0,0,0,0,0,0,0,0,0,0,0,0,0,0,0,0,0,0,1,0,0,0,0,0,0,0,1,0,0,0,0,0,1,0,1,0,0,0,1,0,0,2,2,0,0,0,0,0,1,0,0,0,0,0,0,1,0,0,3,0,0,0,0,0,0,0,0,0,0,0,0,0,0,0,2,0,0,2,0,0,0,0,0,0,0,0,0,0,2,0,0,0,0,0,0,0,0,0,0,0,0,0,0,0,0,0,0,0,0,0,0,0,0,0,0,0,0,0,0,0,0,0,0,0,0,0,0,0,0,0,0,0,0,0,0,0,0,0,0,0,0,0,0,1,0,0,0,0,0,0,0,0,0,0,0,0,0,0,0,0,0,0,0,0,0,0,0,0,0,0,0,0,0,0,0,0,0,0,0,0,0,0,0,0,0,0,0,0,0,0,0,0,0,0,0,0,0,0,0,0,0,0,0,0,0,0,0,0,0,0,0,0,0,0,0,0,0,0,0,0,0,0,0,0,0,0,0,0,0,0,0,0,0,0,0
0,0,0,0,0,0,0,0,0,0,0,0,0,0,0,0,0,0,0,0,0,0,0,0,0,0,0,0,0,0,0,0,0,0,0,0,0,0,0,1,0,0,0,0,0,0,0,0,0,0,0,0,0,2,0,2,0,0,0,1,0,0,0,1,0,0,0,0,0,1,0,1,0,0,0,0,1,0,0,1,0,0,0,1,0,0,0,2,0,0,0,0,0,0,0,1,0,0,1,1,0,0,0,0,0,0,0,1,0,2,0,0,0,0,0,0,0,0,0,1,1,0,0,0,0,0,0,0,0,0,0,0,0,0,0,0,0,0,0,0,0,0,0,0,0,0,0,0,0,0,0,0,0,0,0,0,0,0,0,0,0,0,0,0,1,0,0,0,0,0,0,0,0,0,0,0,0,0,0,0,0,0,0,0,0,0,0,0,0,0,0,0,0,0,0,0,0,0,0,0,0,0,0,0,0,0,0,0,0,0,0,0,0,0,0,0,0,0,0,0,0,0,0,0,0,0,0,0,0,0,0,0,0,0,0,0,0,0,0,0,0,0,0,0,0,0,0,0,0,0,0,0,0,0,0,0
0,0,0,0,0,0,0,0,0,0,0,2,0,0,0,10,0,0,0,8,0,0,0,6,1,0,4,1,0,11,0,1,0,0,4,4,0,0,0,17,0,4,0,1,10,0,0,18,5,10,0,0,0,16,2,21,0,0,0,18,0,0,34,25,0,15,0,0,0,20,0,23,0,0,0,0,18,2,0,52,25,0,0,8,0,0,0,29,0,18,7,0,0,0,0,17,0,5,23,12,0,0,0,7,0,0,0,12,0,25,0,1,0,0,0,0,1,0,0,11,7,0,0,0,0,0,0,0,0,4,0,2,0,0,0,0,0,0,0,0,0,0,0,3,0,0,0,0,0,0,0,0,0,0,0,0,0,0,0,0,0,0,0,0,1,0,0,0,0,0,0,0,0,0,0,0,0,0,0,0,0,0,0,0,0,0,0,0,0,0,0,0,0,0,0,0,0,0,0,0,0,0,0,0,0,0,0,0,0,0,0,0,0,0,0,0,0,0,0,0,0,0,0,0,0,0,0,0,0,0,0,0,0,0,0,0,0,0,0,0,0,0,0,0,0,0,0,0,0,0,0,0,0,0,0,0
0,0,0,0,0,0,0,0,0,0,0,2,0,0,0,10,0,0,0,8,0,0,0,6,1,0,4,1,0,11,0,1,0,0,4,4,0,0,0,17,0,4,0,1,10,0,0,18,5,10,0,0,0,16,2,21,0,0,0,18,0,0,34,25,0,15,0,0,0,20,0,23,0,0,0,0,18,2,0,52,25,0,0,8,0,0,0,29,0,18,7,0,0,0,0,17,0,5,23,12,0,0,0,7,0,0,0,12,0,25,0,1,0,0,0,0,1,0,0,11,7,0,0,0,0,0,0,0,0,4,0,2,0,0,0,0,0,0,0,0,0,0,0,3,0,0,0,0,0,0,0,0,0,0,0,0,0,0,0,0,0,0,0,0,1,0,0,0,0,0,0,0,0,0,0,0,0,0,0,0,0,0,0,0,0,0,0,0,0,0,0,0,0,0,0,0,0,0,0,0,0,0,0,0,0,0,0,0,0,0,0,0,0,0,0,0,0,0,0,0,0,0,0,0,0,0,0,0,0,0,0,0,0,0,0,0,0,0,0,0,0,0,0,0,0,0,0,0,0,0,0,0,0,0,0,0
0,0,0,0,0,0,0,0,0,0,0,1,0,0,0,0,0,1,0,8,0,0,0,0,0,0,0,0,0,0,0,0,0,0,1,1,0,0,0,0,0,0,0,0,0,0,0,0,0,0,0,0,0,0,0,0,0,0,0,0,0,0,0,0,0,0,0,0,0,0,0,0,0,0,0,0,0,0,0,0,0,0,0,0,0,0,0,0,0,0,0,0,0,0,0,0,0,0,0,0,0,0,0,0,0,0,0,0,0,0,0,0,0,0,0,0,0,0,0,0,0,0,0,0,0,0,0,0,0,1,0,1,0,0,0,0,0,0,0,0,0,0,0,2,0,0,0,0,0,0,0,0,0,0,0,0,0,0,0,0,0,0,0,0,5,0,0,2,0,0,0,0,0,0,0,0,0,0,0,3,0,4,0,0,0,0,0,0,0,0,0,0,0,0,0,0,0,0,0,0,0,0,0,0,0,0,0,0,0,0,0,0,0,0,0,0,0,0,0,0,0,0,0,0,0,0,0,0,0,0,0,0,0,0,0,0,0,0,0,0,0,0,0,0,0,0,0,0,0,0,0,0,0,0,0,0
0,0,0,0,0,2,0,2,2,5,0,17,0,0,1,116,0,2,0,59,0,0,0,39,6,0,51,15,0,93,0,13,2,0,50,64,0,0,1,229,0,55,0,19,186,0,0,159,66,143,0,4,0,362,26,476,0,0,0,389,0,0,563,362,13,191,0,0,0,496,0,659,0,0,0,0,443,60,0,648,410,0,0,141,0,0,0,491,0,829,117,0,0,0,0,204,0,66,417,366,0,0,0,90,4,0,0,255,0,456,0,38,0,0,0,0,43,0,0,193,98,0,0,0,0,8,0,0,0,46,0,79,0,0,5,0,0,0,0,1,0,0,0,29,0,0,0,0,0,1,0,0,0,2,0,2,0,0,0,0,0,0,0,0,8,0,0,3,0,0,0,0,0,0,0,0,0,0,0,3,0,4,0,0,0,0,0,0,0,0,0,0,0,0,0,0,0,0,0,0,0,0,0,0,0,0,0,0,0,0,0,0,0,0,0,0,0,0,0,0,0,0,0,0,0,0,0,0,0,0,0,0,0,0,0,0,0,0,0,0,0,0,0,0,0,0,0,0,0,0,0,0,0,0,0,0
0,0,0,0,0,4,0,3,3,7,0,22,0,0,2,176,0,2,0,75,0,0,0,48,8,0,63,19,0,119,0,19,3,0,58,74,0,0,1,271,0,64,0,22,217,0,0,185,70,151,0,4,0,407,31,541,0,0,0,423,0,0,606,402,13,198,0,0,0,558,0,724,0,0,0,0,483,70,0,679,423,0,0,153,0,0,0,565,0,846,138,0,0,0,0,223,0,67,423,383,0,0,0,112,5,0,0,286,0,483,0,45,0,0,0,0,47,0,0,236,121,0,0,0,0,9,0,0,0,45,0,69,0,0,6,0,0,0,0,2,0,0,0,39,0,0,0,0,0,0,0,0,0,2,0,3,0,0,0,1,0,0,0,0,5,0,0,2,0,0,0,0,0,0,0,0,0,0,0,2,0,1,0,0,0,0,0,0,0,0,0,0,0,0,0,0,0,0,0,0,0,0,0,0,0,0,0,0,0,0,0,0,0,0,0,0,0,0,0,0,0,0,0,0,0,0,0,0,0,0,0,0,0,0,0,0,0,0,0,0,0,0,0,0,0,0,0,0,0,0,0,0,0,0,0,0
0,0,0,0,0,3,0,3,3,6,0,20,0,0,3,245,0,2,0,63,0,0,0,57,9,1,62,19,0,149,0,34,2,0,52,74,0,0,3,372,0,82,0,26,269,0,0,298,76,162,0,5,0,529,51,703,0,0,0,505,0,0,745,589,17,228,0,0,0,676,0,827,3,0,1,0,589,114,0,786,503,0,0,172,0,0,0,734,0,868,233,0,0,0,0,325,0,82,472,426,0,0,0,193,13,0,0,394,0,572,0,70,0,0,0,0,54,0,0,330,183,0,0,0,0,12,0,0,0,47,0,80,0,0,6,0,0,0,0,2,0,0,0,39,0,0,0,0,0,1,0,0,0,2,0,3,0,0,0,1,0,0,0,0,6,0,0,2,0,0,0,0,0,0,0,0,0,0,0,2,0,2,0,0,0,0,0,0,0,0,0,0,0,0,0,0,0,0,0,0,0,0,0,0,0,0,0,0,0,0,0,0,0,0,0,0,0,0,0,0,0,0,0,0,0,0,0,0,0,0,0,0,0,0,0,0,0,0,0,0,0,0,0,0,0,0,0,0,0,0,0,0,0,0,0,0
0,0,0,0,0,0,0,0,0,0,0,2,0,0,0,10,0,0,0,8,0,0,0,6,1,0,4,1,0,11,0,1,0,0,4,4,0,0,0,17,0,4,0,1,10,0,0,18,5,10,0,0,0,16,2,21,0,0,0,18,0,0,34,25,0,15,0,0,0,20,0,23,0,0,0,0,18,2,0,52,25,0,0,8,0,0,0,29,0,18,7,0,0,0,0,17,0,5,23,12,0,0,0,7,0,0,0,12,0,25,0,1,0,0,0,0,1,0,0,11,7,0,0,0,0,0,0,0,0,4,0,2,0,0,0,0,0,0,0,0,0,0,0,3,0,0,0,0,0,0,0,0,0,0,0,0,0,0,0,0,0,0,0,0,1,0,0,0,0,0,0,0,0,0,0,0,0,0,0,0,0,0,0,0,0,0,0,0,0,0,0,0,0,0,0,0,0,0,0,0,0,0,0,0,0,0,0,0,0,0,0,0,0,0,0,0,0,0,0,0,0,0,0,0,0,0,0,0,0,0,0,0,0,0,0,0,0,0,0,0,0,0,0,0,0,0,0,0,0,0,0,0,0,0,0,0
0,0,0,0,0,0,0,0,0,0,0,2,0,0,0,10,0,0,0,8,0,0,0,6,1,0,4,1,0,11,0,1,0,0,4,4,0,0,0,17,0,4,0,1,10,0,0,18,5,10,0,0,0,16,2,21,0,0,0,18,0,0,34,25,0,15,0,0,0,20,0,23,0,0,0,0,18,2,0,52,25,0,0,8,0,0,0,29,0,18,7,0,0,0,0,17,0,5,23,12,0,0,0,7,0,0,0,12,0,25,0,1,0,0,0,0,1,0,0,11,7,0,0,0,0,0,0,0,0,4,0,2,0,0,0,0,0,0,0,0,0,0,0,3,0,0,0,0,0,0,0,0,0,0,0,0,0,0,0,0,0,0,0,0,1,0,0,0,0,0,0,0,0,0,0,0,0,0,0,0,0,0,0,0,0,0,0,0,0,0,0,0,0,0,0,0,0,0,0,0,0,0,0,0,0,0,0,0,0,0,0,0,0,0,0,0,0,0,0,0,0,0,0,0,0,0,0,0,0,0,0,0,0,0,0,0,0,0,0,0,0,0,0,0,0,0,0,0,0,0,0,0,0,0,0,0
0,0,0,0,0,2,0,2,3,7,0,21,0,0,2,182,0,1,0,37,0,0,0,48,8,1,64,18,0,117,0,22,2,0,39,50,0,0,1,298,0,72,0,22,213,0,0,219,73,152,0,3,0,406,34,607,0,0,0,423,0,0,653,470,17,223,0,0,0,559,0,774,0,0,0,0,475,74,0,723,500,0,0,154,0,0,0,635,0,861,166,0,0,0,0,252,0,82,467,406,0,0,0,133,8,0,0,309,0,501,0,51,0,0,0,0,48,0,0,252,140,0,0,0,0,10,0,0,0,52,0,87,0,0,6,0,0,0,0,2,0,0,0,41,0,0,0,0,0,1,0,0,0,2,0,3,0,0,0,1,0,0,0,0,8,0,0,3,0,0,0,0,0,0,0,0,0,0,0,3,0,4,0,0,0,0,0,0,0,0,0,0,0,0,0,0,0,0,0,0,0,0,0,0,0,0,0,0,0,0,0,0,0,0,0,0,0,0,0,0,0,0,0,0,0,0,0,0,0,0,0,0,0,0,0,0,0,0,0,0,0,0,0,0,0,0,0,0,0,0,0,0,0,0,0,0
0,0,1,0,0,3,0,2,2,4,0,13,0,0,1,106,0,2,0,75,0,0,0,39,6,0,39,12,0,84,0,11,3,0,60,73,0,0,1,233,0,46,0,15,156,0,0,135,67,145,0,4,0,377,27,491,0,0,0,324,0,0,504,309,11,177,0,0,0,515,0,681,0,0,0,0,385,51,0,601,368,0,0,130,0,0,0,523,0,822,101,0,0,0,0,182,0,60,387,340,0,0,0,101,4,0,0,230,0,438,0,35,0,0,0,0,42,0,0,212,102,0,0,0,0,8,0,0,0,57,0,80,0,0,6,0,0,0,0,1,0,0,0,31,0,0,0,0,0,1,0,0,0,2,0,3,0,0,0,0,0,0,0,0,9,0,0,3,0,0,0,0,0,0,0,0,0,0,0,4,0,5,0,0,0,0,0,0,0,0,0,0,0,0,0,0,0,0,0,0,0,0,0,0,0,0,0,0,0,0,0,0,0,0,0,0,0,0,0,0,0,0,0,0,0,0,0,0,0,0,0,0,0,0,0,0,0,0,0,0,0,0,0,0,0,0,0,0,0,0,0,0,0,0,0,0
0,0,0,0,0,0,0,0,0,0,0,0,0,0,0,0,0,0,0,5,0,0,0,0,0,0,0,0,0,0,0,0,0,0,0,1,0,0,0,0,0,0,0,0,0,0,0,0,0,0,0,0,0,0,0,0,0,0,0,0,0,0,0,0,0,0,0,0,0,0,0,0,0,0,0,0,0,0,0,0,0,0,0,0,0,0,0,0,0,0,0,0,0,0,0,0,0,0,0,0,0,0,0,0,0,0,0,0,0,0,0,0,0,0,0,0,0,0,0,0,0,0,0,0,0,0,0,0,0,0,0,0,0,0,0,0,0,0,0,0,0,0,0,0,0,0,0,0,0,0,0,0,0,0,0,0,0,0,0,0,0,0,0,0,3,0,0,2,0,0,0,0,0,0,0,0,0,0,0,2,0,3,0,0,0,0,0,0,0,0,0,0,0,0,0,0,0,0,0,0,0,0,0,0,0,0,0,0,0,0,0,0,0,0,0,0,0,0,0,0,0,0,0,0,0,0,0,0,0,0,0,0,0,0,0,0,0,0,0,0,0,0,0,0,0,0,0,0,0,0,0,0,0,0,0,0
0,0,0,0,0,3,0,2,2,5,0,15,0,0,1,89,0,1,0,45,0,0,0,48,7,0,50,14,0,99,0,15,1,0,39,58,0,0,2,354,0,72,0,21,216,0,0,238,57,125,0,4,0,521,50,693,0,0,0,454,0,0,722,564,13,194,0,0,0,676,0,820,1,0,0,0,546,100,0,781,444,0,0,168,0,0,0,717,0,865,196,0,0,0,0,300,0,73,451,424,0,0,0,183,11,0,0,365,0,506,0,45,0,0,0,0,55,0,0,331,176,0,0,0,0,7,0,0,0,46,0,81,0,0,7,0,0,0,0,2,0,0,0,17,0,0,0,0,0,1,0,0,0,2,0,2,0,0,0,0,0,0,0,0,6,0,0,2,0,0,0,0,0,0,0,0,0,0,0,2,0,2,0,0,0,0,0,0,0,0,0,0,0,0,0,0,0,0,0,0,0,0,0,0,0,0,0,0,0,0,0,0,0,0,0,0,0,0,0,0,0,0,0,0,0,0,0,0,0,0,0,0,0,0,0,0,0,0,0,0,0,0,0,0,0,0,0,0,0,0,0,0,0,0,0,0
0,0,0,0,0,0,0,0,0,0,0,2,0,0,0,10,0,0,0,8,0,0,0,6,1,0,4,1,0,11,0,1,0,0,4,4,0,0,0,17,0,4,0,1,10,0,0,18,5,10,0,0,0,16,2,21,0,0,0,18,0,0,34,25,0,15,0,0,0,20,0,23,0,0,0,0,18,2,0,52,25,0,0,8,0,0,0,29,0,18,7,0,0,0,0,17,0,5,23,12,0,0,0,7,0,0,0,12,0,25,0,1,0,0,0,0,1,0,0,11,7,0,0,0,0,0,0,0,0,4,0,2,0,0,0,0,0,0,0,0,0,0,0,3,0,0,0,0,0,0,0,0,0,0,0,0,0,0,0,0,0,0,0,0,1,0,0,0,0,0,0,0,0,0,0,0,0,0,0,0,0,0,0,0,0,0,0,0,0,0,0,0,0,0,0,0,0,0,0,0,0,0,0,0,0,0,0,0,0,0,0,0,0,0,0,0,0,0,0,0,0,0,0,0,0,0,0,0,0,0,0,0,0,0,0,0,0,0,0,0,0,0,0,0,0,0,0,0,0,0,0,0,0,0,0,0
0,0,0,0,0,0,0,0,0,0,0,0,0,0,0,0,0,0,0,1,0,0,0,0,0,0,0,0,0,0,0,0,0,0,0,0,0,0,0,1,0,0,0,0,0,0,0,0,0,0,0,0,0,2,0,1,0,0,0,1,0,0,0,1,0,1,0,0,0,1,0,0,0,0,0,0,1,0,0,2,0,0,0,1,0,0,0,1,0,0,0,0,0,0,0,2,0,0,2,1,0,0,0,1,0,0,0,1,0,3,0,0,0,0,0,0,0,0,0,1,1,0,0,0,0,0,0,0,0,0,0,0,0,0,0,0,0,0,0,0,0,0,0,0,0,0,0,0,0,0,0,0,0,0,0,0,0,0,0,0,0,0,0,0,1,0,0,0,0,0,0,0,0,0,0,0,0,0,0,0,0,0,0,0,0,0,0,0,0,0,0,0,0,0,0,0,0,0,0,0,0,0,0,0,0,0,0,0,0,0,0,0,0,0,0,0,0,0,0,0,0,0,0,0,0,0,0,0,0,0,0,0,0,0,0,0,0,0,0,0,0,0,0,0,0,0,0,0,0,0,0,0,0,0,0,0
0,0,0,0,0,0,0,0,0,0,0,2,0,0,0,10,0,0,0,8,0,0,0,6,1,0,4,1,0,11,0,1,0,0,4,4,0,0,0,17,0,4,0,1,10,0,0,18,5,10,0,0,0,16,2,21,0,0,0,18,0,0,34,25,0,15,0,0,0,20,0,23,0,0,0,0,18,2,0,52,25,0,0,8,0,0,0,29,0,18,7,0,0,0,0,17,0,5,23,12,0,0,0,7,0,0,0,12,0,25,0,1,0,0,0,0,1,0,0,11,7,0,0,0,0,0,0,0,0,4,0,2,0,0,0,0,0,0,0,0,0,0,0,3,0,0,0,0,0,0,0,0,0,0,0,0,0,0,0,0,0,0,0,0,1,0,0,0,0,0,0,0,0,0,0,0,0,0,0,0,0,0,0,0,0,0,0,0,0,0,0,0,0,0,0,0,0,0,0,0,0,0,0,0,0,0,0,0,0,0,0,0,0,0,0,0,0,0,0,0,0,0,0,0,0,0,0,0,0,0,0,0,0,0,0,0,0,0,0,0,0,0,0,0,0,0,0,0,0,0,0,0,0,0,0,0
0,0,0,0,0,0,0,0,0,0,0,0,0,0,0,0,0,0,0,0,0,0,0,0,0,0,0,0,0,0,0,0,0,0,0,0,0,0,0,1,0,0,0,0,0,0,0,1,0,0,0,0,0,2,0,1,0,0,0,1,0,0,0,1,0,0,0,0,0,1,0,0,0,0,0,0,1,0,0,1,0,0,0,1,0,0,0,2,0,0,0,0,0,0,0,1,0,0,2,1,0,0,0,1,0,0,0,1,0,2,0,0,0,0,0,0,0,0,0,1,1,0,0,0,0,0,0,0,0,0,0,0,0,0,0,0,0,0,0,0,0,0,0,0,0,0,0,0,0,0,0,0,0,0,0,0,0,0,0,0,0,0,0,0,1,0,0,0,0,0,0,0,0,0,0,0,0,0,0,0,0,0,0,0,0,0,0,0,0,0,0,0,0,0,0,0,0,0,0,0,0,0,0,0,0,0,0,0,0,0,0,0,0,0,0,0,0,0,0,0,0,0,0,0,0,0,0,0,0,0,0,0,0,0,0,0,0,0,0,0,0,0,0,0,0,0,0,0,0,0,0,0,0,0,0,0
0,0,1,0,0,2,0,1,1,4,0,10,0,0,0,53,0,3,0,68,0,0,0,32,5,0,33,10,0,62,0,7,3,0,61,71,0,0,0,202,0,44,0,14,140,0,0,126,65,151,0,5,0,351,25,465,0,0,0,334,0,0,544,345,12,196,0,0,0,524,0,692,0,0,0,0,443,65,0,668,386,0,0,161,0,0,0,541,0,835,118,0,0,0,0,224,0,61,433,415,0,0,0,108,5,0,0,285,0,514,0,47,0,0,0,0,65,0,0,242,118,0,0,0,0,12,0,0,0,52,0,118,0,0,9,0,0,0,0,3,0,0,0,53,0,0,0,0,0,1,0,0,0,3,0,4,0,0,0,2,0,0,0,0,11,0,0,3,0,0,0,0,0,0,0,0,0,0,0,3,0,4,0,0,0,0,0,0,0,0,0,0,0,0,0,0,0,0,0,0,0,0,0,0,0,0,0,0,0,0,0,0,0,0,0,0,0,0,0,0,0,0,0,0,0,0,0,0,0,0,0,0,0,0,0,0,0,0,0,0,0,0,0,0,0,0,0,0,0,0,0,0,0,0,0,0
0,0,0,0,0,3,0,2,2,5,0,18,0,0,2,187,0,2,0,58,0,0,0,44,7,0,51,16,0,124,0,21,2,0,49,65,0,0,1,278,0,63,0,22,225,0,0,208,68,147,0,4,0,436,35,584,0,0,0,443,0,0,650,454,15,212,0,0,0,604,0,766,0,0,0,0,523,84,0,723,473,0,0,169,0,0,0,628,0,857,161,0,0,0,0,261,0,80,464,420,0,0,0,133,7,0,0,318,0,524,0,53,0,0,0,0,51,0,0,251,131,0,0,0,0,10,0,0,0,56,0,74,0,0,5,0,0,0,0,2,0,0,0,34,0,0,0,0,0,0,0,0,0,2,0,2,0,0,0,1,0,0,0,0,4,0,0,1,0,0,0,0,0,0,0,0,0,0,0,1,0,1,0,0,0,0,0,0,0,0,0,0,0,0,0,0,0,0,0,0,0,0,0,0,0,0,0,0,0,0,0,0,0,0,0,0,0,0,0,0,0,0,0,0,0,0,0,0,0,0,0,0,0,0,0,0,0,0,0,0,0,0,0,0,0,0,0,0,0,0,0,0,0,0,0,0
0,0,1,0,0,3,0,3,3,7,0,23,0,0,3,213,0,3,0,79,0,0,0,54,9,1,70,20,0,137,0,25,4,0,71,82,0,0,2,332,0,81,0,26,249,0,0,232,90,189,0,6,0,464,40,644,0,0,0,484,0,0,678,493,21,254,0,0,0,620,0,798,1,0,0,0,536,87,0,740,534,0,0,185,0,0,0,687,0,866,210,0,0,0,0,276,0,94,509,463,0,0,0,173,12,0,0,375,0,551,0,60,0,0,0,0,62,0,0,338,186,0,0,0,0,14,0,0,0,70,0,106,0,0,8,0,0,0,0,2,0,0,0,47,0,0,0,0,0,1,0,0,0,2,0,3,0,0,0,1,0,0,0,0,9,0,0,3,0,0,0,0,0,0,0,0,0,0,0,4,0,4,0,0,0,0,0,0,0,0,0,0,0,0,0,0,0,0,0,0,0,0,0,0,0,0,0,0,0,0,0,0,0,0,0,0,0,0,0,0,0,0,0,0,0,0,0,0,0,0,0,0,0,0,0,0,0,0,0,0,0,0,0,0,0,0,0,0,0,0,0,0,0,0,0,0
0,0,0,0,0,3,0,2,3,6,0,18,0,0,2,162,0,2,0,69,0,0,0,49,8,0,59,16,0,112,0,21,3,0,58,73,0,0,2,313,0,73,0,21,212,0,0,232,80,170,0,5,0,458,39,636,0,0,0,436,0,0,680,506,18,236,0,0,0,617,0,796,1,0,0,0,500,82,0,746,507,0,0,176,0,0,0,680,0,865,191,0,0,0,0,272,0,86,489,447,0,0,0,162,10,0,0,349,0,524,0,55,0,0,0,0,59,0,0,310,171,0,0,0,0,11,0,0,0,61,0,104,0,0,8,0,0,0,0,3,0,0,0,40,0,0,0,0,0,1,0,0,0,3,0,4,0,0,0,1,0,0,0,0,9,0,0,3,0,0,0,0,0,0,0,0,0,0,0,4,0,4,0,0,0,0,0,0,0,0,0,0,0,0,0,0,0,0,0,0,0,0,0,0,0,0,0,0,0,0,0,0,0,0,0,0,0,0,0,0,0,0,0,0,0,0,0,0,0,0,0,0,0,0,0,0,0,0,0,0,0,0,0,0,0,0,0,0,0,0,0,0,0,0,0,0
0,0,0,0,0,0,0,0,0,0,0,0,0,0,0,0,0,0,0,0,0,0,0,0,0,0,0,0,0,0,0,0,0,0,0,0,0,0,0,0,0,0,0,0,0,0,0,0,0,0,0,0,0,1,0,1,0,0,0,0,0,0,0,0,0,0,0,0,0,0,0,0,0,0,0,0,0,0,0,0,0,0,0,0,0,0,0,1,0,0,0,0,0,0,0,1,0,0,1,0,0,0,0,1,0,0,0,0,0,0,0,0,0,0,0,0,0,0,0,1,1,0,0,0,0,0,0,0,0,0,0,0,0,0,0,0,0,0,0,0,0,0,0,0,0,0,0,0,0,0,0,0,0,0,0,0,0,0,0,0,0,0,0,0,0,0,0,0,0,0,0,0,0,0,0,0,0,0,0,0,0,0,0,0,0,0,0,0,0,0,0,0,0,0,0,0,0,0,0,0,0,0,0,0,0,0,0,0,0,0,0,0,0,0,0,0,0,0,0,0,0,0,0,0,0,0,0,0,0,0,0,0,0,0,0,0,0,0,0,0,0,0,0,0,0,0,0,0,0,0,0,0,0,0,0,0
0,0,0,0,0,0,0,0,0,0,0,0,0,0,0,0,0,0,0,7,0,0,0,0,0,0,0,0,0,0,0,0,0,0,1,0,0,0,0,0,0,0,0,0,0,0,0,0,0,0,0,0,0,0,0,0,0,0,0,0,0,0,0,0,0,0,0,0,0,0,0,0,0,0,0,0,0,0,0,0,0,0,0,0,0,0,0,0,0,0,0,0,0,0,0,0,0,0,0,0,0,0,0,0,0,0,0,0,0,0,0,0,0,0,0,0,0,0,0,0,0,0,0,0,0,0,0,0,0,1,0,0,0,0,0,0,0,0,0,0,0,0,0,0,0,0,0,0,0,0,0,0,0,0,0,0,0,0,0,0,0,0,0,0,4,0,0,2,0,0,0,0,0,0,0,0,0,0,0,2,0,3,0,0,0,0,0,0,0,0,0,0,0,0,0,0,0,0,0,0,0,0,0,0,0,0,0,0,0,0,0,0,0,0,0,0,0,0,0,0,0,0,0,0,0,0,0,0,0,0,0,0,0,0,0,0,0,0,0,0,0,0,0,0,0,0,0,0,0,0,0,0,0,0,0,0
0,0,0,0,0,0,0,0,0,0,0,2,0,0,0,10,0,0,0,8,0,0,0,6,1,0,4,1,0,11,0,1,0,0,4,4,0,0,0,17,0,4,0,1,10,0,0,18,5,10,0,0,0,16,2,21,0,0,0,18,0,0,34,25,0,15,0,0,0,20,0,23,0,0,0,0,18,2,0,52,25,0,0,8,0,0,0,29,0,18,7,0,0,0,0,17,0,5,23,12,0,0,0,7,0,0,0,12,0,25,0,1,0,0,0,0,1,0,0,11,7,0,0,0,0,0,0,0,0,4,0,2,0,0,0,0,0,0,0,0,0,0,0,3,0,0,0,0,0,0,0,0,0,0,0,0,0,0,0,0,0,0,0,0,1,0,0,0,0,0,0,0,0,0,0,0,0,0,0,0,0,0,0,0,0,0,0,0,0,0,0,0,0,0,0,0,0,0,0,0,0,0,0,0,0,0,0,0,0,0,0,0,0,0,0,0,0,0,0,0,0,0,0,0,0,0,0,0,0,0,0,0,0,0,0,0,0,0,0,0,0,0,0,0,0,0,0,0,0,0,0,0,0,0,0,0
0,0,0,0,0,0,0,0,0,0,0,0,0,0,0,0,0,0,0,0,0,0,0,0,0,0,0,0,0,0,0,0,0,0,0,0,0,0,0,1,0,0,0,0,0,0,0,1,0,0,0,0,0,1,0,1,0,0,0,1,0,0,1,1,0,0,0,0,0,1,0,0,0,0,0,0,1,0,0,2,0,0,0,0,0,0,0,1,0,0,0,0,0,0,0,2,0,0,1,1,0,0,0,1,0,0,0,1,0,2,0,0,0,0,0,0,0,0,0,1,1,0,0,0,0,0,0,0,0,0,0,0,0,0,0,0,0,0,0,0,0,0,0,0,0,0,0,0,0,0,0,0,0,0,0,0,0,0,0,0,0,0,0,0,1,0,0,0,0,0,0,0,0,0,0,0,0,0,0,0,0,1,0,0,0,0,0,0,0,0,0,0,0,0,0,0,0,0,0,0,0,0,0,0,0,0,0,0,0,0,0,0,0,0,0,0,0,0,0,0,0,0,0,0,0,0,0,0,0,0,0,0,0,0,0,0,0,0,0,0,0,0,0,0,0,0,0,0,0,0,0,0,0,0,0,0
0,0,0,0,0,0,0,0,0,1,0,2,0,0,0,4,0,1,0,8,0,0,0,7,2,0,3,2,0,10,0,4,0,0,3,4,0,0,0,8,0,7,0,3,7,0,0,27,4,6,0,0,0,9,8,6,0,0,0,7,0,0,13,22,1,11,0,0,0,10,0,2,0,0,0,0,8,11,0,20,14,0,0,7,0,0,0,10,0,0,7,0,0,0,0,25,0,6,18,10,0,0,0,9,1,0,0,6,0,13,0,3,0,0,0,0,1,0,0,7,7,0,0,0,0,0,0,0,0,4,0,2,0,0,0,0,0,0,0,0,0,0,0,3,0,0,0,0,0,0,0,0,0,0,0,0,0,0,0,0,0,0,0,0,0,0,0,0,0,0,0,0,0,0,0,0,0,0,0,0,0,0,0,0,0,0,0,0,0,0,0,0,0,0,0,0,0,0,0,0,0,0,0,0,0,0,0,0,0,0,0,0,0,0,0,0,0,0,0,0,0,0,0,0,0,0,0,0,0,0,0,0,0,0,0,0,0,0,0,0,0,0,0,0,0,0,0,0,0,0,0,0,0,0,0,0
0,0,0,0,0,0,0,0,0,0,0,0,0,0,0,0,0,0,0,1,0,0,0,0,0,0,0,0,0,0,0,0,0,0,0,0,0,0,0,1,0,0,0,0,0,0,0,1,0,0,0,0,0,1,0,1,0,0,0,1,0,0,1,1,0,1,0,0,0,1,0,0,0,0,0,0,1,0,0,2,0,0,0,1,0,0,0,1,0,0,0,0,0,0,0,2,0,0,2,1,0,0,0,0,0,0,0,1,0,2,0,0,0,0,0,0,0,0,0,1,1,0,0,0,0,0,0,0,0,0,0,0,0,0,0,0,0,0,0,0,0,0,0,0,0,0,0,0,0,0,0,0,0,0,0,0,0,0,0,0,0,0,0,0,1,0,0,0,0,0,0,0,0,0,0,0,0,0,0,0,0,1,0,0,0,0,0,0,0,0,0,0,0,0,0,0,0,0,0,0,0,0,0,0,0,0,0,0,0,0,0,0,0,0,0,0,0,0,0,0,0,0,0,0,0,0,0,0,0,0,0,0,0,0,0,0,0,0,0,0,0,0,0,0,0,0,0,0,0,0,0,0,0,0,0,0
