0,0,0,0,0,0,0,0,0,2,0,0,0,0,0,0,0,0,0,0,0,0,0,0,1,7,0,0,0,0,0,0,0,0,0,0,0,0,0,21,50,56,1,0,0,0,0,0,0,1,16,184,14,20,4,9,34,39,6,2,0,0,1,0,0,1,0,52,5,21,19,77,168,76,25,18,16,6,0,2,2,0,3,8,35,31,8,91,253,185,104,54,63,22,0,1,0,0,2,18,45,49,86,260,474,428,359,106,135,88,6,0,0,0,1,10,78,117,429,477,534,506,465,159,119,50,3,0,0,0,1,8,64,195,280,411,567,644,436,304,49,10,9,1,0,1,5,75,81,200,276,356,473,482,341,267,71,5,5,1,0,0,1,18,8,112,218,237,186,301,197,51,0,9,30,0,0,0,0,2,54,64,45,128,78,46,77,40,5,0,9,0,0,0,1,2,5,3,20,7,8,1,0,9,1,4,0,0,0,0,0,0,0,1,1,3,2,2,0,12,0,0,0,0,0,0,0,0,0,0,0,0,0,0,0,0,0,0,0,0,0,0,0,0,0,0,0,0,0,0,0,0,0,0,0,0
0,0,0,0,0,0,0,0,0,0,0,0,0,0,0,0,0,0,0,0,0,0,0,0,0,0,0,0,0,0,0,0,0,0,0,0,0,0,0,0,0,0,0,0,0,0,0,0,0,0,0,2,0,0,0,0,0,0,0,0,0,0,0,0,0,0,0,0,0,0,0,0,0,0,0,0,0,0,0,0,0,0,0,0,0,0,0,0,0,0,0,0,0,0,0,0,0,0,0,0,0,0,0,0,0,0,0,0,0,0,0,0,0,0,0,0,0,0,0,0,0,0,0,0,0,0,0,0,0,0,0,0,0,0,0,0,0,0,0,0,0,0,0,0,0,0,0,0,0,0,0,0,0,0,0,0,0,0,0,0,0,0,0,0,0,0,0,0,0,0,0,0,0,0,0,0,0,0,0,0,0,0,0,0,0,0,0,0,0,0,0,0,0,0,0,0,0,0,0,0,0,0,0,0,0,1,0,0,0,0,0,0,0,0,0,0,0,0,0,0,0,0,0,0,0,0,0,0,0,0,0,0,0,0,0,0,0,0,0,0,0,0,0,0,0,0,0,0,0,0,0,0,0,0,0,0
0,0,0,0,0,0,0,0,0,2,0,0,0,0,0,0,0,0,0,0,0,0,0,0,0,4,0,0,0,0,0,0,0,0,0,0,0,0,0,3,5,13,0,0,0,0,0,0,0,0,15,93,12,1,0,0,0,0,0,0,0,0,0,0,0,0,0,26,2,0,0,0,0,0,0,0,2,3,0,1,1,0,1,0,1,0,0,0,0,0,0,0,8,8,0,0,0,0,0,0,0,0,0,0,0,0,0,0,6,21,3,0,0,0,0,0,0,0,0,0,0,0,0,0,4,5,1,0,0,0,0,0,0,0,0,0,0,0,0,0,0,0,3,0,0,1,1,3,0,0,0,0,0,0,0,0,0,0,1,0,0,0,0,0,0,0,0,0,0,0,0,0,0,0,17,0,0,0,0,0,1,0,0,0,0,0,0,0,0,0,6,0,0,0,0,0,0,0,0,0,0,0,0,0,0,14,0,0,0,0,0,0,0,0,0,0,0,0,0,3,0,0,0,0,0,0,0,0,0,0,0,0,0,0,0,0,0,0,0,0,0,0,0,0,0,0,0,0,0,0,0,0,0,0,0,0
0,0,0,0,0,0,0,0,0,0,0,0,0,0,0,0,0,0,0,0,0,0,0,0,0,0,0,0,0,0,0,0,0,0,0,0,0,0,0,0,1,3,0,0,0,0,0,0,0,0,0,8,1,0,0,0,0,1,0,0,0,0,0,0,0,0,0,3,0,1,0,6,14,2,0,0,0,0,0,0,0,0,0,0,2,1,0,8,1,6,2,0,1,0,0,0,0,0,0,0,2,4,5,5,0,1,0,2,4,1,0,0,0,0,0,0,7,3,0,1,1,2,0,0,4,0,0,0,0,0,0,0,2,2,4,6,2,0,1,0,0,0,0,0,0,0,0,6,3,3,0,3,1,1,2,1,0,0,0,0,0,0,0,0,0,7,4,1,7,3,0,0,0,0,1,0,0,0,0,0,5,6,0,1,0,0,2,1,0,0,0,0,0,0,0,0,0,0,1,0,0,0,0,0,0,0,0,0,0,0,0,0,0,0,0,0,0,0,0,1,0,0,0,0,0,0,0,0,0,0,0,0,0,0,0,0,0,0,0,0,0,0,0,0,0,0,0,0,0,0,0,0,0,0,0,0
0,0,0,0,0,0,0,0,0,2,0,0,0,0,0,0,0,0,0,0,0,0,0,0,0,4,0,0,0,0,0,0,0,0,0,0,0,0,0,2,3,9,0,0,0,0,0,0,0,0,7,30,4,0,0,0,0,0,0,0,0,0,0,0,0,0,0,4,0,0,0,0,0,0,0,0,0,1,0,1,0,0,0,0,0,0,0,0,0,0,0,0,0,1,0,0,0,0,0,0,0,0,0,0,0,0,0,0,0,2,1,0,0,0,0,0,0,0,0,0,0,0,0,0,0,0,0,0,0,0,0,0,0,0,0,0,0,0,0,0,0,0,1,0,0,0,0,1,0,0,0,0,0,0,0,0,0,0,0,0,0,0,0,0,0,0,0,0,0,0,0,0,0,0,9,0,0,0,0,0,0,0,0,0,0,0,0,0,0,0,4,0,0,0,0,0,0,0,0,0,0,0,0,0,0,7,0,0,0,0,0,0,0,0,0,0,0,0,0,2,0,0,0,0,0,0,0,0,0,0,0,0,0,0,0,0,0,0,0,0,0,0,0,0,0,0,0,0,0,0,0,0,0,0,0,0
0,0,0,0,0,0,0,0,0,2,0,0,0,0,0,0,0,0,0,0,0,0,0,0,1,6,0,0,0,0,0,0,0,0,0,0,0,0,0,18,40,48,1,0,0,0,0,0,0,1,16,183,14,18,3,6,25,30,4,1,0,0,0,0,0,1,0,51,5,18,14,52,104,51,19,16,14,5,0,1,2,0,3,8,35,28,4,51,140,112,73,44,59,21,0,0,0,0,2,18,45,44,51,132,264,228,231,79,126,85,6,0,0,0,0,9,78,104,311,288,317,302,315,112,111,50,3,0,0,0,1,7,63,176,191,231,356,580,283,225,44,9,9,1,0,0,4,68,80,190,210,229,291,302,216,208,65,5,4,1,0,0,1,16,8,113,192,168,102,193,133,36,0,7,23,0,0,0,0,2,55,68,44,111,59,30,59,32,3,0,6,0,0,0,1,2,5,3,21,7,7,0,0,6,0,3,0,0,0,0,0,0,0,1,1,3,2,1,0,8,0,0,0,0,0,0,0,0,0,0,0,0,0,0,0,0,0,0,0,0,0,0,0,0,0,0,0,0,0,0,0,0,0,0,0,0
0,0,0,0,0,0,0,0,0,0,0,0,0,0,0,0,0,0,0,0,0,0,0,0,0,0,0,0,0,0,0,0,0,0,0,0,0,0,0,0,0,0,0,0,0,0,0,0,0,0,0,2,0,0,0,0,0,0,0,0,0,0,0,0,0,0,0,0,0,0,0,0,0,0,0,0,0,0,0,0,0,0,0,0,0,0,0,0,0,0,0,0,0,0,0,0,0,0,0,0,0,0,0,0,0,0,0,0,0,0,0,0,0,0,0,0,0,0,0,0,0,0,0,0,0,0,0,0,0,0,0,0,0,0,0,0,0,0,0,0,0,0,0,0,0,0,0,0,0,0,0,0,0,0,0,0,0,0,0,0,0,0,0,0,0,0,0,0,0,0,0,0,0,0,0,0,0,0,0,0,0,0,0,0,0,0,0,0,0,0,0,0,0,0,0,0,0,0,0,0,0,0,0,0,0,1,0,0,0,0,0,0,0,0,0,0,0,0,0,0,0,0,0,0,0,0,0,0,0,0,0,0,0,0,0,0,0,0,0,0,0,0,0,0,0,0,0,0,0,0,0,0,0,0,0,0
0,0,0,0,0,0,0,0,0,2,0,0,0,0,0,0,0,0,0,0,0,0,0,0,1,6,0,0,0,0,0,0,0,0,1,0,0,0,0,18,45,49,0,0,0,0,0,0,0,2,19,181,12,15,3,6,29,32,4,1,0,0,1,0,0,1,0,44,4,14,14,65,148,68,21,14,12,5,0,2,3,0,2,5,26,24,6,85,243,182,103,50,56,19,0,0,0,0,1,10,32,45,84,248,453,409,353,105,127,77,6,0,0,0,0,6,66,123,438,459,501,471,444,157,117,45,3,0,0,0,0,4,56,215,294,384,527,636,398,289,45,8,7,1,0,0,3,57,74,223,293,335,421,421,293,239,59,4,3,0,0,0,1,12,5,113,220,214,142,238,151,33,0,5,21,0,0,0,0,1,39,50,34,94,50,23,45,23,1,0,6,0,0,0,1,1,3,1,12,4,4,0,0,4,0,2,0,0,0,0,0,0,0,1,0,2,1,1,0,6,0,0,0,0,0,0,0,0,0,0,0,0,0,0,0,0,0,0,0,0,0,0,0,0,0,0,0,0,0,0,0,0,0,0,0,0
0,0,0,0,0,0,0,0,0,0,0,0,0,0,0,0,0,0,0,0,0,0,0,0,0,0,0,0,0,0,0,0,0,0,0,0,0,0,0,0,1,3,0,0,0,0,0,0,0,0,0,9,1,0,0,0,1,1,0,0,0,0,0,0,0,0,0,3,0,1,0,4,6,3,0,0,0,0,0,0,0,0,0,0,4,3,0,7,20,18,8,1,3,0,0,0,0,0,0,0,3,5,5,17,30,20,20,3,3,1,0,0,0,0,0,0,8,12,29,32,34,33,32,5,6,0,0,0,0,0,0,0,4,17,18,22,28,52,29,11,0,0,0,0,0,0,0,6,8,17,20,29,32,32,22,12,1,0,0,0,0,0,0,0,0,13,23,17,7,23,13,0,0,0,1,0,0,0,0,0,5,6,2,8,4,1,4,2,0,0,0,0,0,0,0,0,0,0,1,0,0,0,0,0,0,0,0,0,0,0,0,0,0,0,0,0,0,0,0,1,0,0,0,0,0,0,0,0,0,0,0,0,0,0,0,0,0,0,0,0,0,0,0,0,0,0,0,0,0,0,0,0,0,0,0,0
0,0,0,0,0,0,0,0,0,0,0,0,0,0,0,0,0,0,0,0,0,0,0,0,0,0,0,0,0,0,0,0,0,0,0,0,0,0,0,0,0,0,0,0,0,0,0,0,0,0,0,3,0,0,0,0,0,0,0,0,0,0,0,0,0,0,0,0,0,0,0,0,0,0,0,0,0,0,0,0,0,0,0,0,0,0,0,0,0,0,0,0,0,0,0,0,0,0,0,0,0,0,0,0,0,0,0,0,0,0,0,0,0,0,0,0,0,0,0,0,0,0,0,0,0,0,0,0,0,0,0,0,0,0,0,0,0,0,0,0,0,0,0,0,0,0,0,0,0,0,0,0,0,0,0,0,0,0,0,0,0,0,0,0,0,0,0,0,0,0,0,0,0,0,0,0,0,0,0,0,0,0,0,0,0,0,0,0,0,0,0,0,0,0,0,0,0,0,0,0,0,0,0,0,0,1,0,0,0,0,0,0,0,0,0,0,0,0,0,0,0,0,0,0,0,0,0,0,0,0,0,0,0,0,0,0,0,0,0,0,0,0,0,0,0,0,0,0,0,0,0,0,0,0,0,0
0,0,0,0,0,0,0,0,0,0,0,0,0,0,0,0,0,0,0,0,0,0,0,0,0,0,0,0,0,0,0,0,0,0,0,0,0,0,0,0,1,3,0,0,0,0,0,0,0,0,0,9,1,0,0,0,1,1,0,0,0,0,0,0,0,0,0,3,0,1,0,4,6,3,0,0,0,0,0,0,0,0,0,0,4,3,0,7,20,18,8,1,3,0,0,0,0,0,0,0,3,5,5,17,30,20,20,3,3,1,0,0,0,0,0,0,8,12,29,32,34,33,32,5,6,0,0,0,0,0,0,0,4,17,18,22,28,52,29,11,0,0,0,0,0,0,0,6,8,17,20,29,32,32,22,12,1,0,0,0,0,0,0,0,0,13,23,17,7,23,13,0,0,0,1,0,0,0,0,0,5,6,2,8,4,1,4,2,0,0,0,0,0,0,0,0,0,0,1,0,0,0,0,0,0,0,0,0,0,0,0,0,0,0,0,0,0,0,0,1,0,0,0,0,0,0,0,0,0,0,0,0,0,0,0,0,0,0,0,0,0,0,0,0,0,0,0,0,0,0,0,0,0,0,0,0
0,0,0,0,0,0,0,0,1,3,0,0,0,0,0,0,0,0,0,0,0,0,0,1,2,8,0,0,0,0,0,0,0,0,0,0,0,0,0,23,55,60,1,0,0,0,0,0,0,2,19,197,15,20,4,9,34,38,5,1,0,0,1,0,0,1,1,56,6,21,19,73,153,67,21,15,13,5,0,1,3,0,3,9,37,32,8,83,228,163,88,43,55,20,0,1,0,0,2,18,46,49,79,235,439,383,314,86,115,78,6,0,0,0,1,9,74,107,393,439,498,466,421,132,105,45,3,0,0,0,1,6,54,165,234,360,532,638,394,265,41,9,9,2,0,0,4,64,66,160,221,304,426,441,301,235,62,5,5,1,0,0,1,14,4,88,175,193,149,266,172,42,0,9,31,0,0,0,0,1,42,49,32,100,62,37,69,37,5,0,9,0,0,0,1,2,4,2,15,5,6,0,0,9,1,4,0,0,0,0,0,0,0,1,1,2,2,2,0,14,0,0,0,0,0,0,0,0,0,0,0,0,0,0,0,0,0,0,0,0,0,0,0,0,0,0,0,0,0,0,0,0,0,0,0,0
0,0,0,0,0,0,0,0,0,0,0,0,0,0,0,0,0,0,0,0,0,0,0,0,0,0,0,0,0,0,0,0,0,0,0,0,0,0,0,0,1,3,0,0,0,0,0,0,0,0,0,9,2,0,0,0,1,1,0,0,0,0,0,0,0,0,0,3,0,1,0,4,5,4,1,0,0,0,0,0,0,0,0,0,3,3,0,9,23,21,11,1,4,0,0,0,0,0,0,0,3,6,6,21,39,24,25,4,3,1,0,0,0,0,0,0,8,14,34,38,42,41,40,7,7,0,0,0,0,0,0,0,4,18,21,26,32,62,37,13,1,0,0,0,0,0,0,6,8,17,27,36,40,41,27,14,1,0,0,0,0,0,0,0,0,13,23,21,8,26,16,1,0,0,1,0,0,0,0,0,5,5,3,9,5,1,5,2,0,0,0,0,0,0,0,0,0,0,1,0,0,0,0,0,0,1,0,0,0,0,0,0,0,0,0,0,0,0,0,1,0,0,0,0,0,0,0,0,0,0,0,0,0,0,0,0,0,0,0,0,0,0,0,0,0,0,0,0,0,0,0,0,0,0,0,0
0,0,0,0,0,0,0,0,0,0,0,0,0,0,0,0,0,0,0,0,0,0,0,0,0,0,0,0,0,0,0,0,0,0,0,0,0,0,0,0,1,3,0,0,0,0,0,0,0,0,0,12,1,0,0,0,0,1,0,0,0,0,0,0,0,0,0,3,0,1,0,5,9,3,0,0,0,0,0,0,0,0,0,0,3,1,0,7,6,10,4,0,2,0,0,0,0,0,0,0,2,4,4,9,3,5,3,2,4,1,0,0,0,0,0,0,7,5,2,7,7,8,5,0,4,0,0,0,0,0,0,0,3,5,8,11,9,4,6,2,0,0,0,0,0,0,0,6,4,7,3,8,7,5,6,4,0,0,0,0,0,0,0,0,0,9,11,4,6,9,2,0,0,0,1,0,0,0,0,0,5,6,1,4,1,0,3,1,0,0,0,0,0,0,0,0,0,0,1,0,0,0,0,0,0,0,0,0,0,0,0,0,0,0,0,0,0,0,0,1,0,0,0,0,0,0,0,0,0,0,0,0,0,0,0,0,0,0,0,0,0,0,0,0,0,0,0,0,0,0,0,0,0,0,0,0
0,0,0,0,0,0,0,0,0,0,0,0,0,0,0,0,0,0,0,0,0,0,0,0,0,0,0,0,0,0,0,0,0,0,0,0,0,0,0,0,1,3,0,0,0,0,0,0,0,0,0,12,1,0,0,0,0,1,0,0,0,0,0,0,0,0,0,3,0,1,0,5,11,2,0,0,0,0,0,0,0,0,0,0,2,1,0,8,3,8,3,0,2,0,0,0,0,0,0,0,2,4,5,7,0,2,1,2,4,1,0,0,0,0,0,0,7,4,0,2,3,3,2,0,4,0,0,0,0,0,0,0,2,3,6,8,4,0,2,1,0,0,0,0,0,0,0,6,4,4,1,5,2,2,3,2,0,0,0,0,0,0,0,0,0,8,6,2,8,5,1,0,0,0,1,0,0,0,0,0,5,6,0,2,1,0,2,1,0,0,0,0,0,0,0,0,0,0,1,0,0,0,0,0,0,1,0,0,0,0,0,0,0,0,0,0,0,0,0,1,0,0,0,0,0,0,0,0,0,0,0,0,0,0,0,0,0,0,0,0,0,0,0,0,0,0,0,0,0,0,0,0,0,0,0,0
0,0,0,0,0,0,0,0,0,0,0,0,0,0,0,0,0,0,0,0,0,0,0,0,0,0,0,0,0,0,0,0,0,0,0,0,0,0,0,1,0,2,0,0,0,0,0,0,0,0,0,4,3,0,0,0,0,2,0,0,0,0,0,0,0,0,0,2,0,1,0,5,8,3,0,0,0,0,0,0,0,0,0,0,2,1,0,7,7,10,4,0,2,0,0,0,0,0,0,0,2,4,4,10,5,7,4,3,3,0,0,0,0,0,0,0,7,5,3,9,11,11,7,1,5,0,0,0,0,0,0,0,2,4,9,12,12,11,8,2,0,0,0,0,0,0,0,4,3,5,4,10,9,8,8,3,0,0,0,0,0,0,0,0,0,8,10,5,7,10,3,0,0,0,0,0,0,0,0,0,4,5,0,3,2,0,2,1,0,0,0,0,0,0,0,0,0,0,1,0,0,0,0,0,0,0,0,0,0,0,0,0,0,0,0,0,0,0,0,1,0,0,0,0,0,0,0,0,0,0,0,0,0,0,0,0,0,0,0,0,0,0,0,0,0,0,0,0,0,0,0,0,0,0,0,0
0,0,0,0,0,0,0,0,0,0,0,0,0,0,0,0,0,0,0,0,0,0,0,0,0,0,0,0,0,0,0,0,0,0,0,0,0,0,0,0,1,3,0,0,0,0,0,0,0,0,0,9,1,0,0,0,1,1,0,0,0,0,0,0,0,0,0,3,0,1,0,4,6,3,0,0,0,0,0,0,0,0,0,0,4,3,0,7,20,18,8,1,3,0,0,0,0,0,0,0,3,5,5,17,30,20,20,3,3,1,0,0,0,0,0,0,8,12,29,32,34,33,32,5,6,0,0,0,0,0,0,0,4,17,18,22,28,52,29,11,0,0,0,0,0,0,0,6,8,17,20,29,32,32,22,12,1,0,0,0,0,0,0,0,0,13,23,17,7,23,13,0,0,0,1,0,0,0,0,0,5,6,2,8,4,1,4,2,0,0,0,0,0,0,0,0,0,0,1,0,0,0,0,0,0,0,0,0,0,0,0,0,0,0,0,0,0,0,0,1,0,0,0,0,0,0,0,0,0,0,0,0,0,0,0,0,0,0,0,0,0,0,0,0,0,0,0,0,0,0,0,0,0,0,0,0
0,0,0,0,0,0,0,0,0,0,0,0,0,0,0,0,0,0,0,0,0,0,0,0,0,0,0,0,0,0,0,0,0,0,0,0,0,0,0,0,1,3,0,0,0,0,0,0,0,0,0,11,1,0,0,0,0,1,0,0,0,0,0,0,0,0,0,3,0,1,0,5,10,2,0,0,0,0,0,0,0,0,0,0,2,1,0,8,3,8,3,0,1,0,0,0,0,0,0,0,2,3,4,8,1,3,1,2,4,1,0,0,0,0,0,0,6,2,0,3,4,5,3,0,4,0,0,0,0,0,0,0,2,1,5,9,6,1,4,1,0,0,0,0,0,0,0,6,2,2,1,5,4,3,5,2,0,0,0,0,0,0,0,0,0,6,5,2,8,7,2,0,0,0,1,0,0,0,0,0,5,6,0,2,1,0,2,1,0,0,0,0,0,0,0,0,0,0,1,0,0,0,0,0,0,0,0,0,0,0,0,0,0,0,0,0,0,0,0,1,0,0,0,0,0,0,0,0,0,0,0,0,0,0,0,0,0,0,0,0,0,0,0,0,0,0,0,0,0,0,0,0,0,0,0,0
0,0,0,0,0,0,0,0,0,0,0,0,0,0,0,0,0,0,0,0,0,0,0,0,0,0,0,0,0,0,0,0,0,0,0,0,0,0,0,0,0,2,0,0,0,0,0,0,0,0,1,8,1,0,0,0,0,0,0,0,0,0,0,0,0,0,0,1,0,0,0,0,0,0,0,0,0,0,0,0,0,0,0,0,0,0,0,0,0,0,0,0,0,0,0,0,0,0,0,0,0,0,0,0,0,0,0,0,0,0,0,0,0,0,0,0,0,0,0,0,0,0,0,0,0,0,0,0,0,0,0,0,0,0,0,0,0,0,0,0,0,0,0,0,0,0,0,0,0,0,0,0,0,0,0,0,0,0,0,0,0,0,0,0,0,0,0,0,0,0,0,0,0,0,3,0,0,0,0,0,0,0,0,0,0,0,0,0,0,0,1,0,0,0,0,0,0,0,0,0,0,0,0,0,0,0,0,0,0,0,0,0,0,0,0,0,0,0,0,0,0,0,0,0,0,0,0,0,0,0,0,0,0,0,0,0,0,0,0,0,0,0,0,0,0,0,0,0,0,0,0,0,0,0,0,0
0,0,0,0,0,0,0,0,0,0,0,0,0,0,0,0,0,0,0,0,0,0,0,0,0,0,0,0,0,0,0,0,0,0,0,0,0,0,0,0,0,0,0,0,0,0,0,0,0,0,0,3,0,0,0,0,0,0,0,0,0,0,0,0,0,0,0,0,0,0,0,0,0,0,0,0,0,0,0,0,0,0,0,0,0,0,0,0,0,0,0,0,0,0,0,0,0,0,0,0,0,0,0,0,0,0,0,0,0,0,0,0,0,0,0,0,0,0,0,0,0,0,0,0,0,0,0,0,0,0,0,0,0,0,0,0,0,0,0,0,0,0,0,0,0,0,0,0,0,0,0,0,0,0,0,0,0,0,0,0,0,0,0,0,0,0,0,0,0,0,0,0,0,0,0,0,0,0,0,0,0,0,0,0,0,0,0,0,0,0,0,0,0,0,0,0,0,0,0,0,0,0,0,0,0,1,0,0,0,0,0,0,0,0,0,0,0,0,0,0,0,0,0,0,0,0,0,0,0,0,0,0,0,0,0,0,0,0,0,0,0,0,0,0,0,0,0,0,0,0,0,0,0,0,0,0
0,0,0,0,0,0,0,0,0,0,0,0,0,0,0,0,0,0,0,0,0,0,0,0,0,0,0,0,0,0,0,0,0,0,0,0,0,0,0,0,1,3,0,0,0,0,0,0,0,0,0,9,1,0,0,0,1,1,0,0,0,0,0,0,0,0,0,3,0,1,0,4,6,3,0,0,0,0,0,0,0,0,0,0,4,3,0,7,20,18,8,1,3,0,0,0,0,0,0,0,3,5,5,17,30,20,20,3,3,1,0,0,0,0,0,0,8,12,29,32,34,33,32,5,6,0,0,0,0,0,0,0,4,17,18,22,28,52,29,11,0,0,0,0,0,0,0,6,8,17,20,29,32,32,22,12,1,0,0,0,0,0,0,0,0,13,23,17,7,23,13,0,0,0,1,0,0,0,0,0,5,6,2,8,4,1,4,2,0,0,0,0,0,0,0,0,0,0,1,0,0,0,0,0,0,0,0,0,0,0,0,0,0,0,0,0,0,0,0,1,0,0,0,0,0,0,0,0,0,0,0,0,0,0,0,0,0,0,0,0,0,0,0,0,0,0,0,0,0,0,0,0,0,0,0,0
0,0,0,0,0,0,0,0,0,1,0,0,0,0,0,0,0,0,0,0,0,0,0,0,0,4,0,0,0,0,0,0,0,0,0,0,0,0,0,9,20,27,0,0,0,0,0,0,0,0,7,84,7,6,1,1,11,13,1,0,0,0,0,0,0,0,0,22,1,4,3,20,36,18,5,3,3,2,0,0,1,0,1,2,13,8,0,21,63,50,27,10,24,8,0,0,0,0,0,4,13,13,15,51,107,81,81,23,43,30,2,0,0,0,0,3,27,31,95,102,120,117,121,34,47,16,1,0,0,0,0,1,16,44,47,62,99,260,101,72,12,2,3,0,0,0,2,25,23,42,46,62,77,87,66,65,16,0,1,0,0,0,0,3,0,26,44,35,17,49,34,5,0,1,9,0,0,0,0,0,13,14,7,22,11,3,13,8,0,0,3,0,0,0,0,0,1,0,4,1,1,0,0,1,0,1,0,0,0,0,0,0,0,0,0,1,0,0,0,3,0,0,0,0,0,0,0,0,0,0,0,0,0,0,0,0,0,0,0,0,0,0,0,0,0,0,0,0,0,0,0,0,0,0,0,0
0,0,0,0,0,0,0,0,0,0,0,0,0,0,0,0,0,0,0,0,0,0,0,0,0,0,0,0,0,0,0,0,0,0,0,0,0,0,0,0,1,3,0,0,0,0,0,0,0,0,0,9,1,0,0,0,1,1,0,0,0,0,0,0,0,0,0,3,0,1,0,4,6,3,0,0,0,0,0,0,0,0,0,0,4,3,0,7,20,18,8,1,3,0,0,0,0,0,0,0,3,5,5,17,30,20,20,3,3,1,0,0,0,0,0,0,8,12,29,32,34,33,32,5,6,0,0,0,0,0,0,0,4,17,18,22,28,52,29,11,0,0,0,0,0,0,0,6,8,17,20,29,32,32,22,12,1,0,0,0,0,0,0,0,0,13,23,17,7,23,13,0,0,0,1,0,0,0,0,0,5,6,2,8,4,1,4,2,0,0,0,0,0,0,0,0,0,0,1,0,0,0,0,0,0,0,0,0,0,0,0,0,0,0,0,0,0,0,0,1,0,0,0,0,0,0,0,0,0,0,0,0,0,0,0,0,0,0,0,0,0,0,0,0,0,0,0,0,0,0,0,0,0,0,0,0
0,0,0,0,0,0,0,0,0,0,0,0,0,0,0,0,0,0,0,0,0,0,0,0,0,0,0,0,0,0,0,0,0,0,0,0,0,0,0,0,0,0,0,0,0,0,0,0,0,0,0,2,1,0,0,0,0,0,0,0,0,0,0,0,0,0,0,0,0,0,0,0,0,0,0,0,0,0,0,0,0,0,0,0,0,0,0,0,0,0,0,0,0,0,0,0,0,0,0,0,0,0,0,0,0,0,0,0,0,0,0,0,0,0,0,0,0,0,0,0,0,0,0,0,0,0,0,0,0,0,0,0,0,0,0,0,0,0,0,0,0,0,0,0,0,0,0,0,0,0,0,0,0,0,0,0,0,0,0,0,0,0,0,0,0,0,0,0,0,0,0,0,0,0,0,0,0,0,0,0,0,0,0,0,0,0,0,0,0,0,0,0,0,0,0,0,0,0,0,0,0,0,0,0,0,1,0,0,0,0,0,0,0,0,0,0,0,0,0,0,0,0,0,0,0,0,0,0,0,0,0,0,0,0,0,0,0,0,0,0,0,0,0,0,0,0,0,0,0,0,0,0,0,0,0,0
0,0,0,0,0,0,0,1,2,5,0,0,0,0,0,0,0,0,0,0,0,0,0,2,3,13,1,0,0,0,0,0,0,0,1,0,0,1,0,35,86,83,2,0,0,0,0,0,0,2,17,175,13,22,6,16,48,52,9,3,0,0,1,0,0,1,0,45,4,19,21,89,198,87,27,19,17,6,0,2,4,0,3,7,30,27,7,88,252,180,96,48,59,22,0,1,0,0,2,15,36,39,64,220,434,376,301,85,120,86,7,0,0,0,1,9,64,86,335,403,477,444,393,121,106,50,3,0,0,0,1,7,50,139,191,315,504,632,356,239,40,9,10,2,0,1,5,70,68,146,187,267,389,402,265,214,60,5,5,1,0,0,1,18,6,91,164,171,127,235,153,39,0,9,33,0,0,0,0,2,52,57,35,98,58,33,66,38,5,0,11,0,0,0,1,2,5,3,19,6,7,0,0,10,1,5,0,0,0,0,0,0,0,1,1,3,2,2,0,15,0,0,0,0,0,0,0,0,0,0,0,0,1,0,0,0,1,0,0,0,0,0,0,0,0,0,0,0,0,0,0,0,0,0,0,0
0,0,0,0,0,0,0,0,0,0,0,0,0,0,0,0,0,0,0,0,0,0,0,0,0,0,0,0,0,0,0,0,0,0,0,0,0,0,0,0,1,3,0,0,0,0,0,0,0,0,0,9,1,0,0,0,1,1,0,0,0,0,0,0,0,0,0,3,0,1,0,4,6,3,0,0,0,0,0,0,0,0,0,0,4,3,0,7,20,18,8,1,3,0,0,0,0,0,0,0,3,5,5,17,30,20,20,3,3,1,0,0,0,0,0,0,8,12,29,32,34,33,32,5,6,0,0,0,0,0,0,0,4,17,18,22,28,52,29,11,0,0,0,0,0,0,0,6,8,17,20,29,32,32,22,12,1,0,0,0,0,0,0,0,0,13,23,17,7,23,13,0,0,0,1,0,0,0,0,0,5,6,2,8,4,1,4,2,0,0,0,0,0,0,0,0,0,0,1,0,0,0,0,0,0,0,0,0,0,0,0,0,0,0,0,0,0,0,0,1,0,0,0,0,0,0,0,0,0,0,0,0,0,0,0,0,0,0,0,0,0,0,0,0,0,0,0,0,0,0,0,0,0,0,0,0
0,0,0,0,0,0,0,0,1,3,0,0,0,0,0,0,0,0,0,0,0,0,0,1,2,8,0,0,0,0,0,0,0,0,0,0,0,0,0,20,50,56,1,0,0,0,0,0,0,2,16,171,13,17,3,7,29,34,4,1,0,0,1,0,0,1,0,47,4,18,17,69,152,71,22,14,10,4,0,1,3,0,3,7,33,33,10,101,274,207,117,54,52,16,0,0,0,0,2,15,47,65,121,312,514,480,415,124,123,66,5,0,0,0,0,8,88,173,518,531,565,543,512,198,120,39,2,0,0,0,0,6,76,289,385,474,588,647,475,350,49,7,6,0,0,0,4,63,91,288,375,414,501,500,368,288,63,3,3,0,0,0,1,14,8,139,273,275,199,300,193,43,0,4,17,0,0,0,0,1,46,61,44,120,67,33,56,26,1,0,5,0,0,0,1,2,4,2,15,5,5,0,0,4,0,2,0,0,0,0,0,0,0,1,1,2,1,1,0,7,0,0,0,0,0,0,0,0,0,0,0,0,0,0,0,0,0,0,0,0,0,0,0,0,0,0,0,0,0,0,0,0,0,0,0,0
0,0,1,0,0,0,0,0,0,2,0,0,0,0,0,0,0,0,0,0,0,0,0,0,1,6,0,0,0,0,0,0,0,0,1,0,0,0,0,20,44,48,0,0,0,0,0,0,1,2,19,179,13,18,4,8,32,34,4,1,0,0,1,0,0,1,0,46,4,18,18,75,162,72,23,16,14,6,0,2,5,0,3,7,30,30,8,86,235,174,101,54,60,20,0,0,0,0,2,14,39,49,80,227,421,373,330,105,136,81,5,0,0,0,0,8,72,118,403,418,460,430,412,148,122,48,3,0,0,0,1,6,59,199,255,337,485,626,364,273,49,9,8,1,0,1,4,65,78,211,263,302,387,389,272,236,67,5,4,1,0,0,1,15,7,117,215,204,134,231,153,38,0,7,26,0,0,0,0,1,48,59,38,103,56,28,55,29,3,0,8,0,0,0,1,2,4,2,16,5,5,0,0,6,0,3,0,0,0,0,0,0,0,1,1,2,2,1,0,10,0,0,0,0,0,0,0,0,0,0,0,0,1,0,0,0,0,0,0,0,0,0,0,0,0,0,0,0,0,0,0,0,0,0,0,0
0,0,0,0,0,0,0,0,0,0,0,0,0,0,0,0,0,0,0,0,0,0,0,0,0,0,0,0,0,0,0,0,0,0,0,0,0,0,0,0,1,3,0,0,0,0,0,0,0,0,0,9,1,0,0,0,1,1,0,0,0,0,0,0,0,0,0,3,0,1,0,4,6,3,0,0,0,0,0,0,0,0,0,0,4,3,0,7,20,18,8,1,3,0,0,0,0,0,0,0,3,5,5,17,30,20,20,3,3,1,0,0,0,0,0,0,8,12,29,32,34,33,32,5,6,0,0,0,0,0,0,0,4,17,18,22,28,52,29,11,0,0,0,0,0,0,0,6,8,17,20,29,32,32,22,12,1,0,0,0,0,0,0,0,0,13,23,17,7,23,13,0,0,0,1,0,0,0,0,0,5,6,2,8,4,1,4,2,0,0,0,0,0,0,0,0,0,0,1,0,0,0,0,0,0,0,0,0,0,0,0,0,0,0,0,0,0,0,0,1,0,0,0,0,0,0,0,0,0,0,0,0,0,0,0,0,0,0,0,0,0,0,0,0,0,0,0,0,0,0,0,0,0,0,0,0
0,0,0,0,0,0,0,0,0,1,0,0,0,0,0,0,0,0,0,0,0,0,0,0,1,5,0,0,0,0,0,0,0,0,0,0,0,0,0,20,42,45,0,0,0,0,0,0,0,1,13,148,12,17,4,7,28,30,4,1,0,0,1,1,0,0,0,40,4,14,14,59,119,53,18,15,17,7,0,3,2,0,2,5,25,19,4,63,179,127,71,40,60,25,0,1,0,0,2,12,28,29,51,183,370,296,237,68,116,93,7,0,0,0,0,7,52,70,315,386,449,397,339,98,102,54,4,0,0,0,1,5,41,119,188,315,492,624,313,205,38,10,10,2,0,0,5,66,60,129,189,276,392,388,242,196,59,5,5,1,0,0,1,18,5,85,164,183,141,246,156,39,0,8,25,0,0,0,0,3,57,61,39,117,76,48,81,42,5,0,6,0,0,0,1,3,7,4,24,9,10,2,0,11,1,3,0,0,0,0,0,0,0,2,2,4,3,3,0,15,0,0,0,0,0,0,0,0,0,0,0,0,1,0,0,0,0,0,0,0,0,0,0,0,0,0,0,0,0,0,0,0,0,0,0,0
0,0,0,0,0,0,0,0,0,0,0,0,0,0,0,0,0,0,0,0,0,0,0,0,0,0,0,0,0,0,0,0,0,0,0,0,0,0,0,0,1,3,0,0,0,0,0,0,0,0,0,9,1,0,0,0,1,1,0,0,0,0,0,0,0,0,0,3,0,1,0,4,6,3,0,0,0,0,0,0,0,0,0,0,4,3,0,7,20,18,8,1,3,0,0,0,0,0,0,0,3,5,5,17,30,20,20,3,3,1,0,0,0,0,0,0,8,12,29,32,34,33,32,5,6,0,0,0,0,0,0,0,4,17,18,22,28,52,29,11,0,0,0,0,0,0,0,6,8,17,20,29,32,32,22,12,1,0,0,0,0,0,0,0,0,13,23,17,7,23,13,0,0,0,1,0,0,0,0,0,5,6,2,8,4,1,4,2,0,0,0,0,0,0,0,0,0,0,1,0,0,0,0,0,0,0,0,0,0,0,0,0,0,0,0,0,0,0,0,1,0,0,0,0,0,0,0,0,0,0,0,0,0,0,0,0,0,0,0,0,0,0,0,0,0,0,0,0,0,0,0,0,0,0,0,0
0,0,0,0,0,0,0,0,0,0,0,0,0,0,0,0,0,0,0,0,0,0,0,0,0,0,0,0,0,0,0,0,0,0,0,0,0,0,0,0,1,3,0,0,0,0,0,0,0,0,0,6,2,0,0,0,0,1,0,0,0,0,0,0,0,0,0,3,0,1,0,6,15,2,0,0,0,0,0,0,0,0,0,0,3,1,0,7,2,6,2,0,2,0,0,0,0,0,0,0,2,4,4,6,0,2,1,2,4,1,0,0,0,0,0,0,7,4,0,3,3,4,2,0,4,0,0,0,0,0,0,0,3,4,7,9,5,0,3,1,0,0,0,0,0,0,0,6,5,5,2,6,3,2,4,2,0,0,0,0,0,0,0,0,0,9,8,3,8,6,2,0,0,0,1,0,0,0,0,0,5,6,1,3,1,0,2,1,0,0,0,0,0,0,0,0,0,0,1,0,0,0,0,0,0,1,0,0,0,0,0,0,0,0,0,0,0,0,0,1,0,0,0,0,0,0,0,0,0,0,0,0,0,0,0,0,0,0,0,0,0,0,0,0,0,0,0,0,0,0,0,0,0,0,0,0
0,0,0,0,0,0,0,1,1,5,0,0,0,0,0,0,0,0,0,0,0,0,0,3,3,14,1,0,0,0,0,0,0,0,0,0,0,1,0,38,97,91,2,0,0,0,0,0,0,1,15,170,14,22,6,19,54,58,10,3,0,0,1,0,0,0,0,45,4,19,21,91,202,86,26,18,16,6,0,2,2,0,2,6,30,26,7,88,244,166,86,42,56,21,0,1,0,0,1,14,35,39,69,229,433,359,277,74,111,81,6,0,0,0,0,8,60,85,356,425,487,440,375,107,98,45,3,0,0,0,1,5,43,133,205,345,522,633,347,218,35,8,9,1,0,0,4,62,59,129,190,287,411,414,260,197,53,4,5,1,0,0,1,15,4,78,155,178,139,247,152,35,0,8,28,0,0,0,0,2,48,51,33,103,65,38,68,36,4,0,8,0,0,0,1,2,5,3,19,7,8,1,0,9,1,4,0,0,0,0,0,0,0,1,1,3,2,2,0,12,0,0,0,0,0,0,0,0,0,0,0,0,1,0,0,0,0,0,0,0,0,0,0,0,0,0,0,0,0,0,0,0,0,0,0,0
0,0,0,0,0,0,0,0,0,0,0,0,0,0,0,0,0,0,0,0,0,0,0,0,0,0,0,0,0,0,0,0,0,0,0,0,0,0,0,0,1,3,0,0,0,0,0,0,0,0,0,9,1,0,0,0,1,1,0,0,0,0,0,0,0,0,0,3,0,1,0,4,6,3,0,0,0,0,0,0,0,0,0,0,4,3,0,7,20,18,8,1,3,0,0,0,0,0,0,0,3,5,5,17,30,20,20,3,3,1,0,0,0,0,0,0,8,12,29,32,34,33,32,5,6,0,0,0,0,0,0,0,4,17,18,22,28,52,29,11,0,0,0,0,0,0,0,6,8,17,20,29,32,32,22,12,1,0,0,0,0,0,0,0,0,13,23,17,7,23,13,0,0,0,1,0,0,0,0,0,5,6,2,8,4,1,4,2,0,0,0,0,0,0,0,0,0,0,1,0,0,0,0,0,0,0,0,0,0,0,0,0,0,0,0,0,0,0,0,1,0,0,0,0,0,0,0,0,0,0,0,0,0,0,0,0,0,0,0,0,0,0,0,0,0,0,0,0,0,0,0,0,0,0,0,0
0,0,0,0,0,0,0,0,0,0,0,0,0,0,0,0,0,0,0,0,0,0,0,0,0,0,0,0,0,0,0,0,0,0,0,0,0,0,0,0,1,3,0,0,0,0,0,0,0,0,0,9,1,0,0,0,1,1,0,0,0,0,0,0,0,0,0,3,0,0,0,5,8,3,0,0,0,0,0,0,0,0,0,0,3,2,0,8,9,12,5,0,2,0,0,0,0,0,0,0,3,4,5,12,7,8,6,2,4,1,0,0,0,0,0,0,8,8,6,12,12,12,8,1,5,0,0,0,0,0,0,0,4,9,11,13,12,8,8,4,0,0,0,0,0,0,0,7,7,10,6,12,9,7,8,5,1,0,0,0,0,0,0,0,0,11,13,6,6,10,3,0,0,0,1,0,0,0,0,0,5,6,1,4,1,0,3,1,0,0,0,0,0,0,0,0,0,0,1,0,0,0,0,0,0,1,0,0,0,0,0,0,0,0,0,0,0,0,0,1,0,0,0,0,0,0,0,0,0,0,0,0,0,0,0,0,0,0,0,0,0,0,0,0,0,0,0,0,0,0,0,0,0,0,0,0
0,0,0,0,0,0,0,0,0,0,0,0,0,0,0,0,0,0,0,0,0,0,0,0,0,0,0,0,0,0,0,0,0,0,0,0,0,0,0,0,1,3,0,0,0,0,0,0,0,0,0,9,1,0,0,0,1,1,0,0,0,0,0,0,0,0,0,3,0,1,0,4,6,3,0,0,0,0,0,0,0,0,0,0,4,3,0,7,20,18,8,1,3,0,0,0,0,0,0,0,3,5,5,17,30,20,20,3,3,1,0,0,0,0,0,0,8,12,29,32,34,33,32,5,6,0,0,0,0,0,0,0,4,17,18,22,28,52,29,11,0,0,0,0,0,0,0,6,8,17,20,29,32,32,22,12,1,0,0,0,0,0,0,0,0,13,23,17,7,23,13,0,0,0,1,0,0,0,0,0,5,6,2,8,4,1,4,2,0,0,0,0,0,0,0,0,0,0,1,0,0,0,0,0,0,0,0,0,0,0,0,0,0,0,0,0,0,0,0,1,0,0,0,0,0,0,0,0,0,0,0,0,0,0,0,0,0,0,0,0,0,0,0,0,0,0,0,0,0,0,0,0,0,0,0,0
0,0,0,0,0,0,0,0,1,3,0,0,0,0,0,0,0,0,0,0,0,0,0,1,2,8,0,0,0,0,0,0,0,0,1,1,0,0,0,25,60,62,1,0,0,0,0,0,1,4,25,226,16,23,5,11,36,40,6,2,0,0,1,0,0,2,1,63,6,23,21,79,165,73,24,17,16,6,0,2,5,0,4,11,38,34,9,95,254,183,101,52,61,23,0,1,0,0,3,22,50,56,97,277,484,433,360,106,133,89,7,0,0,0,1,11,85,134,459,498,544,515,472,166,121,53,3,0,0,0,1,9,70,221,310,435,577,645,448,320,51,10,10,2,0,1,5,79,88,223,297,373,485,494,355,280,73,6,5,1,0,0,1,20,9,120,225,240,189,306,201,51,0,9,32,0,0,0,0,3,57,63,40,109,64,36,65,34,4,0,9,0,0,0,2,3,5,3,17,5,5,0,0,6,0,4,0,0,0,0,0,1,0,1,1,2,1,1,0,9,0,0,0,0,0,0,0,0,0,0,0,0,0,0,0,0,0,0,0,0,0,0,0,0,0,0,0,0,0,0,0,0,0,0,0,0
0,0,1,0,0,0,0,0,0,2,0,0,0,0,0,0,0,0,0,1,0,0,0,0,1,6,0,0,0,0,0,0,0,0,1,1,0,0,0,19,41,47,0,0,0,0,0,0,1,3,24,215,15,21,4,7,29,33,4,1,0,0,1,0,0,2,1,58,6,22,20,77,167,76,25,16,13,5,0,1,7,0,4,10,38,40,13,110,283,212,124,61,59,18,0,0,0,0,3,20,57,77,137,320,509,470,413,132,140,73,5,0,0,0,1,11,103,192,528,527,553,525,500,201,133,46,2,0,0,0,1,10,94,313,395,467,577,645,460,353,59,9,7,0,0,1,6,79,107,314,391,416,493,488,362,300,79,4,4,0,0,0,1,18,11,156,295,291,207,302,199,50,0,6,22,0,0,0,0,2,52,69,51,137,76,39,63,30,2,0,6,0,0,0,1,2,4,2,18,6,6,0,0,5,0,3,0,0,0,0,0,0,0,1,1,3,2,1,0,8,0,0,0,0,0,0,0,0,0,0,0,0,1,0,0,0,0,0,0,0,0,0,0,0,0,0,0,0,0,0,0,0,0,0,0,0
0,0,0,0,0,0,0,0,0,0,0,0,0,0,0,0,0,0,0,0,0,0,0,0,0,0,0,0,0,0,0,0,0,0,0,0,0,0,0,0,0,0,0,0,0,0,0,0,0,0,0,4,0,0,0,0,0,0,0,0,0,0,0,0,0,0,0,1,0,0,0,0,0,0,0,0,0,0,0,0,0,0,0,0,0,0,0,0,0,0,0,0,0,0,0,0,0,0,0,0,0,0,0,0,0,0,0,0,0,0,0,0,0,0,0,0,0,0,0,0,0,0,0,0,0,0,0,0,0,0,0,0,0,0,0,0,0,0,0,0,0,0,0,0,0,0,0,0,0,0,0,0,0,0,0,0,0,0,0,0,0,0,0,0,0,0,0,0,0,0,0,0,0,0,0,0,0,0,0,0,0,0,0,0,0,0,0,0,0,0,0,0,0,0,0,0,0,0,0,0,0,0,0,0,0,1,0,0,0,0,0,0,0,0,0,0,0,0,0,0,0,0,0,0,0,0,0,0,0,0,0,0,0,0,0,0,0,0,0,0,0,0,0,0,0,0,0,0,0,0,0,0,0,0,0,0
0,0,0,0,0,0,0,0,0,0,0,0,0,0,0,0,0,0,0,0,0,0,0,0,0,0,0,0,0,0,0,0,0,0,0,0,0,0,0,0,1,3,0,0,0,0,0,0,0,0,0,9,1,0,0,0,1,1,0,0,0,0,0,0,0,0,0,3,0,1,0,4,6,3,0,0,0,0,0,0,0,0,0,0,4,3,0,7,20,18,8,1,3,0,0,0,0,0,0,0,3,5,5,17,30,20,20,3,3,1,0,0,0,0,0,0,8,12,29,32,34,33,32,5,6,0,0,0,0,0,0,0,4,17,18,22,28,52,29,11,0,0,0,0,0,0,0,6,8,17,20,29,32,32,22,12,1,0,0,0,0,0,0,0,0,13,23,17,7,23,13,0,0,0,1,0,0,0,0,0,5,6,2,8,4,1,4,2,0,0,0,0,0,0,0,0,0,0,1,0,0,0,0,0,0,0,0,0,0,0,0,0,0,0,0,0,0,0,0,1,0,0,0,0,0,0,0,0,0,0,0,0,0,0,0,0,0,0,0,0,0,0,0,0,0,0,0,0,0,0,0,0,0,0,0,0
0,0,0,0,0,0,0,0,0,2,0,0,0,0,0,0,0,0,0,0,0,0,0,0,1,7,0,0,0,0,0,0,0,0,0,0,0,0,0,21,52,57,1,0,0,0,0,0,0,1,15,163,13,17,4,9,33,37,5,1,0,0,1,0,0,1,0,46,5,18,18,72,151,67,22,15,13,6,0,2,2,0,3,7,33,30,7,82,220,159,89,46,57,21,0,1,0,0,2,17,45,51,83,233,427,370,310,90,122,81,6,0,0,0,1,10,78,120,416,443,488,454,413,133,107,46,3,0,0,0,1,7,62,194,262,369,525,636,380,258,40,8,8,1,0,1,5,70,76,191,250,314,418,424,283,220,56,4,4,1,0,0,1,15,6,100,192,199,142,246,152,34,0,7,25,0,0,0,0,1,42,49,32,95,54,28,53,29,3,0,7,0,0,0,1,2,3,2,13,4,5,0,0,6,0,3,0,0,0,0,0,0,0,0,0,2,1,1,0,10,0,0,0,0,0,0,0,0,0,0,0,0,0,0,0,0,0,0,0,0,0,0,0,0,0,0,0,0,0,0,0,0,0,0,0,0
0,0,0,0,0,0,0,0,0,1,0,0,0,0,0,0,0,0,0,0,0,0,0,0,0,2,0,0,0,0,0,0,0,0,0,0,0,0,0,1,1,3,0,0,0,0,0,0,0,0,10,74,4,0,0,0,0,0,0,0,0,0,0,0,0,0,0,13,0,0,0,0,0,0,0,0,0,1,0,0,1,0,0,0,0,0,0,0,0,0,0,0,0,1,0,0,0,0,0,0,0,0,0,0,0,0,0,0,0,2,1,0,0,0,0,0,0,0,0,0,0,0,0,0,0,0,0,0,0,0,0,0,0,0,0,0,0,0,0,0,0,0,0,0,0,0,0,1,0,0,0,0,0,0,0,0,0,0,0,0,0,0,0,0,0,0,0,0,0,0,0,0,0,0,9,0,0,0,0,0,0,0,0,0,0,0,0,0,0,0,4,0,0,0,0,0,0,0,0,0,0,0,0,0,0,11,0,0,0,0,0,0,0,0,0,0,0,0,0,5,0,0,0,0,0,0,0,0,0,0,0,0,0,0,0,0,0,0,0,0,0,0,0,0,0,0,0,0,0,0,0,0,0,0,0,0
0,0,0,0,0,0,0,0,0,0,0,0,0,0,0,0,0,0,0,0,0,0,0,0,0,0,0,0,0,0,0,0,0,0,0,0,0,0,0,0,1,3,0,0,0,0,0,0,0,0,0,9,1,0,0,0,1,1,0,0,0,0,0,0,0,0,0,3,0,1,0,4,6,3,0,0,0,0,0,0,0,0,0,0,4,3,0,7,20,18,8,1,3,0,0,0,0,0,0,0,3,5,5,17,30,20,20,3,3,1,0,0,0,0,0,0,8,12,29,32,34,33,32,5,6,0,0,0,0,0,0,0,4,17,18,22,28,52,29,11,0,0,0,0,0,0,0,6,8,17,20,29,32,32,22,12,1,0,0,0,0,0,0,0,0,13,23,17,7,23,13,0,0,0,1,0,0,0,0,0,5,6,2,8,4,1,4,2,0,0,0,0,0,0,0,0,0,0,1,0,0,0,0,0,0,0,0,0,0,0,0,0,0,0,0,0,0,0,0,1,0,0,0,0,0,0,0,0,0,0,0,0,0,0,0,0,0,0,0,0,0,0,0,0,0,0,0,0,0,0,0,0,0,0,0,0
0,0,1,0,0,0,0,0,1,3,0,0,0,0,0,0,0,0,0,1,0,0,0,1,2,9,0,0,0,0,0,0,0,0,1,1,0,1,0,26,62,62,1,0,0,0,0,0,1,3,23,216,15,22,5,11,36,39,5,1,0,0,1,1,0,1,1,54,5,21,20,78,165,71,21,14,13,6,0,2,4,0,3,7,33,31,8,92,249,176,92,43,52,20,0,1,0,0,2,16,42,50,87,260,467,408,325,85,108,74,6,0,0,0,1,9,73,114,421,468,520,484,429,129,98,41,3,0,0,0,1,7,57,182,262,390,549,640,395,254,36,7,8,1,0,1,5,69,73,181,248,327,442,447,297,221,53,4,4,1,0,0,1,15,6,101,192,203,151,258,161,36,0,7,29,0,0,0,0,1,44,51,32,92,53,28,56,31,4,0,10,0,0,0,1,2,3,2,13,4,4,0,0,7,1,5,0,0,0,0,0,0,0,1,0,2,1,1,0,11,0,0,0,0,0,0,0,0,0,0,0,0,0,0,0,0,1,0,0,0,0,0,0,0,0,0,0,0,0,0,0,0,0,0,0,0
0,0,0,0,0,0,0,0,0,1,0,0,0,0,0,0,0,0,0,0,0,0,0,0,0,1,0,0,0,0,0,0,0,0,0,0,0,0,0,0,0,2,0,0,0,0,0,0,0,0,8,40,2,0,0,0,0,0,0,0,0,0,0,0,0,0,0,4,0,0,0,0,0,0,0,0,0,0,0,0,1,0,0,0,0,0,0,0,0,0,0,0,0,0,0,0,0,0,0,0,0,0,0,0,0,0,0,0,0,0,0,0,0,0,0,0,0,0,0,0,0,0,0,0,0,0,0,0,0,0,0,0,0,0,0,0,0,0,0,0,0,0,0,0,0,0,0,1,0,0,0,0,0,0,0,0,0,0,0,0,0,0,0,0,0,0,0,0,0,0,0,0,0,0,7,0,0,0,0,0,1,0,0,0,0,0,0,0,0,0,3,0,0,0,0,0,0,0,0,0,0,0,0,0,0,14,0,0,0,0,0,0,0,0,0,0,0,0,0,2,0,0,0,0,0,0,0,0,0,0,0,0,0,0,0,0,0,0,0,0,0,0,0,0,0,0,0,0,0,0,0,0,0,0,0,0
0,0,0,0,0,0,0,0,0,0,0,0,0,0,0,0,0,0,0,0,0,0,0,0,0,0,0,0,0,0,0,0,0,0,0,0,0,0,0,0,0,0,0,0,0,0,0,0,0,0,0,4,0,0,0,0,0,0,0,0,0,0,0,0,0,0,0,0,0,0,0,0,0,0,0,0,0,0,0,0,0,0,0,0,0,0,0,0,0,0,0,0,0,0,0,0,0,0,0,0,0,0,0,0,0,0,0,0,0,0,0,0,0,0,0,0,0,0,0,0,0,0,0,0,0,0,0,0,0,0,0,0,0,0,0,0,0,0,0,0,0,0,0,0,0,0,0,0,0,0,0,0,0,0,0,0,0,0,0,0,0,0,0,0,0,0,0,0,0,0,0,0,0,0,0,0,0,0,0,0,0,0,0,0,0,0,0,0,0,0,0,0,0,0,0,0,0,0,0,0,0,0,0,0,0,0,0,0,0,0,0,0,0,0,0,0,0,0,0,0,0,0,0,0,0,0,0,0,0,0,0,0,0,0,0,0,0,0,0,0,0,0,0,0,0,0,0,0,0,0,0,0,0,0,0,0
0,0,0,0,0,0,0,0,0,0,0,0,0,0,0,0,0,0,0,0,0,0,0,0,0,0,0,0,0,0,0,0,0,0,0,0,0,0,0,0,1,3,0,0,0,0,0,0,0,0,0,9,1,0,0,0,1,1,0,0,0,0,0,0,0,0,0,3,0,1,0,4,6,3,0,0,0,0,0,0,0,0,0,0,4,3,0,7,20,18,8,1,3,0,0,0,0,0,0,0,3,5,5,17,30,20,20,3,3,1,0,0,0,0,0,0,8,12,29,32,34,33,32,5,6,0,0,0,0,0,0,0,4,17,18,22,28,52,29,11,0,0,0,0,0,0,0,6,8,17,20,29,32,32,22,12,1,0,0,0,0,0,0,0,0,13,23,17,7,23,13,0,0,0,1,0,0,0,0,0,5,6,2,8,4,1,4,2,0,0,0,0,0,0,0,0,0,0,1,0,0,0,0,0,0,0,0,0,0,0,0,0,0,0,0,0,0,0,0,1,0,0,0,0,0,0,0,0,0,0,0,0,0,0,0,0,0,0,0,0,0,0,0,0,0,0,0,0,0,0,0,0,0,0,0,0
0,0,0,0,0,0,0,0,0,0,0,0,0,0,0,0,0,0,0,0,0,0,0,0,0,0,0,0,0,0,0,0,0,0,0,0,0,0,0,0,0,0,0,0,0,0,0,0,0,0,0,5,0,0,0,0,0,0,0,0,0,0,0,0,0,0,0,0,0,0,0,0,0,0,0,0,0,0,0,0,0,0,0,0,0,0,0,0,0,0,0,0,0,0,0,0,0,0,0,0,0,0,0,0,0,0,0,0,0,0,0,0,0,0,0,0,0,0,0,0,0,0,0,0,0,0,0,0,0,0,0,0,0,0,0,0,0,0,0,0,0,0,0,0,0,0,0,0,0,0,0,0,0,0,0,0,0,0,0,0,0,0,0,0,0,0,0,0,0,0,0,0,0,0,0,0,0,0,0,0,0,0,0,0,0,0,0,0,0,0,0,0,0,0,0,0,0,0,0,0,0,0,0,0,0,0,0,0,0,0,0,0,0,0,0,0,0,0,0,0,0,0,0,0,0,0,0,0,0,0,0,0,0,0,0,0,0,0,0,0,0,0,0,0,0,0,0,0,0,0,0,0,0,0,0,0
0,0,0,0,0,0,0,0,0,2,0,0,0,0,0,0,0,0,0,0,0,0,0,0,1,6,0,0,0,0,0,0,0,0,1,0,0,0,0,19,45,50,1,0,0,0,0,0,1,3,20,182,13,16,3,7,29,33,4,1,0,0,1,1,0,1,1,48,4,16,16,66,144,66,21,15,13,5,0,2,5,0,3,7,31,30,7,82,225,168,98,50,56,19,0,0,0,0,2,15,42,53,84,226,415,366,324,98,124,74,5,0,0,0,1,8,78,130,422,420,454,423,409,144,116,45,3,0,0,0,1,6,65,220,273,337,475,623,360,272,47,9,8,1,0,1,5,66,81,225,274,297,370,372,264,233,65,4,4,0,0,0,1,15,7,118,214,193,120,212,143,36,0,6,24,0,0,0,0,1,47,57,36,93,49,23,50,28,2,0,7,0,0,0,1,2,4,2,15,4,5,0,0,6,0,3,0,0,0,0,1,1,0,1,1,2,1,1,0,9,0,0,0,0,0,0,0,0,0,0,0,0,1,0,0,0,0,0,0,0,0,0,0,0,0,0,0,0,0,0,0,0,0,0,0,0
0,0,0,0,0,0,0,0,0,0,0,0,0,0,0,0,0,0,0,0,0,0,0,0,0,0,0,0,0,0,0,0,0,0,0,0,0,0,0,0,1,3,0,0,0,0,0,0,0,0,0,4,3,0,0,0,1,1,0,0,0,0,0,0,0,0,0,3,0,0,1,4,3,4,1,0,0,0,0,0,0,0,0,0,5,5,0,11,21,22,13,2,4,0,0,0,0,0,0,0,4,7,8,22,29,20,21,5,3,1,0,0,0,0,0,0,9,16,23,30,33,34,31,7,7,0,0,0,0,0,0,0,5,17,21,25,25,31,30,11,1,0,0,0,0,0,0,6,11,14,24,33,31,30,23,12,1,0,0,0,0,0,0,0,0,13,19,19,10,22,15,1,0,0,1,0,0,0,0,0,4,5,4,8,5,1,5,2,0,0,0,0,0,0,0,0,0,0,1,0,0,0,0,0,0,1,0,0,0,0,0,0,0,0,0,0,0,0,0,1,0,0,0,0,0,0,0,0,0,0,0,0,0,0,0,0,0,0,0,0,0,0,0,0,0,0,0,0,0,0,0,0,0,0,0,0
0,0,0,0,0,0,0,0,0,0,0,0,0,0,0,0,0,0,0,0,0,0,0,0,0,0,0,0,0,0,0,0,0,0,0,0,0,0,0,0,1,3,0,0,0,0,0,0,0,0,0,9,1,0,0,0,1,1,0,0,0,0,0,0,0,0,0,3,0,1,0,4,6,3,0,0,0,0,0,0,0,0,0,0,4,3,0,7,20,18,8,1,3,0,0,0,0,0,0,0,3,5,5,17,30,20,20,3,3,1,0,0,0,0,0,0,8,12,29,32,34,33,32,5,6,0,0,0,0,0,0,0,4,17,18,22,28,52,29,11,0,0,0,0,0,0,0,6,8,17,20,29,32,32,22,12,1,0,0,0,0,0,0,0,0,13,23,17,7,23,13,0,0,0,1,0,0,0,0,0,5,6,2,8,4,1,4,2,0,0,0,0,0,0,0,0,0,0,1,0,0,0,0,0,0,0,0,0,0,0,0,0,0,0,0,0,0,0,0,1,0,0,0,0,0,0,0,0,0,0,0,0,0,0,0,0,0,0,0,0,0,0,0,0,0,0,0,0,0,0,0,0,0,0,0,0
0,0,0,0,0,0,0,0,0,0,0,0,0,0,0,0,0,0,0,0,0,0,0,0,0,0,0,0,0,0,0,0,0,0,0,0,0,0,0,0,0,0,0,0,0,0,0,0,0,0,0,4,0,0,0,0,0,0,0,0,0,0,0,0,0,0,0,0,0,0,0,0,0,0,0,0,0,0,0,0,0,0,0,0,0,0,0,0,0,0,0,0,0,0,0,0,0,0,0,0,0,0,0,0,0,0,0,0,0,0,0,0,0,0,0,0,0,0,0,0,0,0,0,0,0,0,0,0,0,0,0,0,0,0,0,0,0,0,0,0,0,0,0,0,0,0,0,0,0,0,0,0,0,0,0,0,0,0,0,0,0,0,0,0,0,0,0,0,0,0,0,0,0,0,0,0,0,0,0,0,0,0,0,0,0,0,0,0,0,0,0,0,0,0,0,0,0,0,0,0,0,0,0,0,0,1,0,0,0,0,0,0,0,0,0,0,0,0,0,0,0,0,0,0,0,0,0,0,0,0,0,0,0,0,0,0,0,0,0,0,0,0,0,0,0,0,0,0,0,0,0,0,0,0,0,0
0,0,0,0,0,0,0,0,0,0,0,0,0,0,0,0,0,0,0,0,0,0,0,0,0,0,0,0,0,0,0,0,0,0,0,0,0,0,0,0,0,0,0,0,0,0,0,0,0,0,0,1,0,0,0,0,0,0,0,0,0,0,0,0,0,0,0,0,0,0,0,0,0,0,0,0,0,0,0,0,0,0,0,0,0,0,0,0,0,0,0,0,0,0,0,0,0,0,0,0,0,0,0,0,0,0,0,0,0,0,0,0,0,0,0,0,0,0,0,0,0,0,0,0,0,0,0,0,0,0,0,0,0,0,0,0,0,0,0,0,0,0,0,0,0,0,0,0,0,0,0,0,0,0,0,0,0,0,0,0,0,0,0,0,0,0,0,0,0,0,0,0,0,0,0,0,0,0,0,0,0,0,0,0,0,0,0,0,0,0,0,0,0,0,0,0,0,0,0,0,0,0,0,0,0,1,0,0,0,0,0,0,0,0,0,0,0,0,0,0,0,0,0,0,0,0,0,0,0,0,0,0,0,0,0,0,0,0,0,0,0,0,0,0,0,0,0,0,0,0,0,0,0,0,0,0
0,0,0,0,0,0,0,0,0,0,0,0,0,0,0,0,0,0,0,0,0,0,0,0,0,0,0,0,0,0,0,0,0,0,0,0,0,0,0,0,1,3,0,0,0,0,0,0,0,0,0,9,1,0,0,0,1,1,0,0,0,0,0,0,0,0,0,3,0,1,0,4,6,3,0,0,0,0,0,0,0,0,0,0,4,3,0,7,20,18,8,1,3,0,0,0,0,0,0,0,3,5,5,17,30,20,20,3,3,1,0,0,0,0,0,0,8,12,29,32,34,33,32,5,6,0,0,0,0,0,0,0,4,17,18,22,28,52,29,11,0,0,0,0,0,0,0,6,8,17,20,29,32,32,22,12,1,0,0,0,0,0,0,0,0,13,23,17,7,23,13,0,0,0,1,0,0,0,0,0,5,6,2,8,4,1,4,2,0,0,0,0,0,0,0,0,0,0,1,0,0,0,0,0,0,0,0,0,0,0,0,0,0,0,0,0,0,0,0,1,0,0,0,0,0,0,0,0,0,0,0,0,0,0,0,0,0,0,0,0,0,0,0,0,0,0,0,0,0,0,0,0,0,0,0,0
0,0,1,0,0,0,0,0,1,2,0,0,0,0,0,0,0,0,0,1,0,0,0,1,2,7,0,0,0,0,0,0,0,0,1,1,0,1,0,24,54,56,1,0,0,0,0,0,1,3,23,207,15,22,4,10,34,36,5,1,0,0,1,1,0,2,1,54,5,20,19,74,155,68,22,16,14,6,0,2,6,0,3,9,34,32,8,87,231,167,95,50,59,21,0,1,0,0,3,18,44,53,89,248,443,388,332,101,133,86,6,0,0,0,1,10,77,125,432,459,502,469,437,154,123,53,3,0,0,0,1,8,64,208,283,391,540,639,409,298,52,11,10,2,0,1,5,72,81,213,282,345,449,455,322,265,76,6,5,1,0,0,1,17,7,114,221,232,175,286,188,50,0,10,34,0,0,0,0,2,47,55,38,111,67,38,68,37,5,0,11,0,0,0,1,2,4,2,16,5,6,0,0,8,1,5,0,0,0,0,0,0,0,1,1,2,2,1,0,12,0,0,0,0,0,0,0,0,0,0,0,0,1,0,0,0,0,0,0,0,0,0,0,0,0,0,0,0,0,0,0,0,0,0,0,0
0,0,0,0,0,0,0,0,0,0,0,0,0,0,0,0,0,0,0,0,0,0,0,0,0,0,0,0,0,0,0,0,0,0,0,0,0,0,0,0,1,3,0,0,0,0,0,0,0,0,0,9,1,0,0,0,1,1,0,0,0,0,0,0,0,0,0,3,0,1,0,4,6,3,0,0,0,0,0,0,0,0,0,0,4,3,0,7,20,18,8,1,3,0,0,0,0,0,0,0,3,5,5,17,30,20,20,3,3,1,0,0,0,0,0,0,8,12,29,32,34,33,32,5,6,0,0,0,0,0,0,0,4,17,18,22,28,52,29,11,0,0,0,0,0,0,0,6,8,17,20,29,32,32,22,12,1,0,0,0,0,0,0,0,0,13,23,17,7,23,13,0,0,0,1,0,0,0,0,0,5,6,2,8,4,1,4,2,0,0,0,0,0,0,0,0,0,0,1,0,0,0,0,0,0,0,0,0,0,0,0,0,0,0,0,0,0,0,0,1,0,0,0,0,0,0,0,0,0,0,0,0,0,0,0,0,0,0,0,0,0,0,0,0,0,0,0,0,0,0,0,0,0,0,0,0
0,0,0,0,0,0,0,0,0,0,0,0,0,0,0,0,0,0,0,0,0,0,0,0,0,0,0,0,0,0,0,0,0,0,0,0,0,0,0,0,0,0,0,0,0,0,0,0,0,0,0,2,0,0,0,0,0,0,0,0,0,0,0,0,0,0,0,0,0,0,0,0,0,0,0,0,0,0,0,0,0,0,0,0,0,0,0,0,0,0,0,0,0,0,0,0,0,0,0,0,0,0,0,0,0,0,0,0,0,0,0,0,0,0,0,0,0,0,0,0,0,0,0,0,0,0,0,0,0,0,0,0,0,0,0,0,0,0,0,0,0,0,0,0,0,0,0,0,0,0,0,0,0,0,0,0,0,0,0,0,0,0,0,0,0,0,0,0,0,0,0,0,0,0,0,0,0,0,0,0,0,0,0,0,0,0,0,0,0,0,0,0,0,0,0,0,0,0,0,0,0,0,0,0,0,1,0,0,0,0,0,0,0,0,0,0,0,0,0,0,0,0,0,0,0,0,0,0,0,0,0,0,0,0,0,0,0,0,0,0,0,0,0,0,0,0,0,0,0,0,0,0,0,0,0,0
0,0,0,0,0,0,0,0,0,2,0,0,0,0,0,0,0,0,0,0,0,0,0,0,1,6,0,0,0,0,0,0,0,0,0,0,0,0,0,16,37,42,0,0,0,0,0,0,0,1,14,153,11,14,3,5,23,25,2,0,0,0,0,0,0,1,0,42,4,14,13,56,120,52,14,8,6,3,0,1,3,0,2,5,27,24,5,74,210,153,80,32,40,14,0,0,0,0,1,10,31,42,74,220,418,364,298,74,87,54,4,0,0,0,0,5,54,103,403,434,479,443,399,114,85,29,2,0,0,0,0,2,37,166,255,363,514,632,359,225,27,4,5,0,0,0,2,35,45,157,246,316,413,407,261,186,36,2,2,0,0,0,0,4,1,70,171,191,136,228,130,21,0,2,13,0,0,0,0,0,17,26,21,77,46,20,36,15,0,0,4,0,0,0,0,0,1,0,8,3,3,0,0,2,0,2,0,0,0,0,0,0,0,0,0,1,1,1,0,4,0,0,0,0,0,0,0,0,0,0,0,0,0,0,0,0,0,0,0,0,0,0,0,0,0,0,0,0,0,0,0,0,0,0,0,0
0,0,0,0,0,0,0,0,0,0,0,0,0,0,0,0,0,0,0,0,0,0,0,0,0,0,0,0,0,0,0,0,0,0,0,0,0,0,0,0,0,0,0,0,0,0,0,0,0,0,0,2,0,0,0,0,0,0,0,0,0,0,0,0,0,0,0,0,0,0,0,0,0,0,0,0,0,0,0,0,0,0,0,0,0,0,0,0,0,0,0,0,0,0,0,0,0,0,0,0,0,0,0,0,0,0,0,0,0,0,0,0,0,0,0,0,0,0,0,0,0,0,0,0,0,0,0,0,0,0,0,0,0,0,0,0,0,0,0,0,0,0,0,0,0,0,0,0,0,0,0,0,0,0,0,0,0,0,0,0,0,0,0,0,0,0,0,0,0,0,0,0,0,0,0,0,0,0,0,0,0,0,0,0,0,0,0,0,0,0,0,0,0,0,0,0,0,0,0,0,0,0,0,0,0,1,0,0,0,0,0,0,0,0,0,0,0,0,0,0,0,0,0,0,0,0,0,0,0,0,0,0,0,0,0,0,0,0,0,0,0,0,0,0,0,0,0,0,0,0,0,0,0,0,0,0
0,0,0,0,0,0,0,0,1,2,0,0,0,0,0,0,0,0,0,0,0,0,0,0,1,7,0,0,0,0,0,0,0,0,0,0,0,0,0,21,51,54,1,0,0,0,0,0,0,2,17,166,12,16,3,8,32,36,4,1,0,0,0,0,0,1,0,42,4,15,15,66,139,63,20,14,11,4,0,1,3,0,2,5,27,25,5,67,189,143,85,44,51,16,0,0,0,0,1,12,36,42,62,177,354,309,278,85,110,64,4,0,0,0,0,8,69,106,354,362,408,384,368,122,101,37,2,0,0,0,1,6,58,184,222,291,443,616,331,241,38,7,6,0,0,0,4,64,77,199,234,268,348,357,246,214,56,3,3,0,0,0,1,14,6,112,198,182,116,213,142,36,0,6,23,0,0,0,0,1,43,55,35,95,51,25,53,30,3,0,7,0,0,0,0,1,3,2,14,4,5,0,0,6,0,3,0,0,0,0,0,0,0,1,0,2,1,1,0,9,0,0,0,0,0,0,0,0,0,0,0,0,0,0,0,0,0,0,0,0,0,0,0,0,0,0,0,0,0,0,0,0,0,0,0,0
0,0,0,0,0,0,0,0,1,2,0,0,0,0,0,0,0,0,0,0,0,0,0,0,1,6,0,0,0,0,0,0,0,0,0,0,0,0,0,14,20,25,0,0,0,0,0,0,0,0,11,77,15,7,1,0,3,5,0,0,0,0,0,0,0,0,0,22,3,2,0,2,1,0,0,0,1,3,0,2,1,0,1,1,4,0,0,0,0,0,0,0,5,8,1,1,0,0,0,1,0,0,0,0,0,0,0,0,4,15,7,0,0,0,0,1,2,0,0,0,0,0,0,0,5,5,3,0,0,0,0,0,0,0,0,0,0,0,0,0,0,1,9,2,0,1,3,15,1,0,0,0,0,0,0,0,1,1,5,2,0,0,0,3,0,0,0,0,0,0,0,0,0,2,23,1,0,0,0,0,6,1,0,0,0,0,0,1,0,0,9,0,0,0,0,1,1,0,0,0,0,0,0,1,0,6,0,0,0,0,0,0,0,0,0,0,0,0,0,5,0,0,0,0,0,0,0,0,0,0,0,0,0,0,0,0,0,0,0,0,0,0,0,0,0,0,0,0,0,0,0,0,0,0,0,0
0,0,0,0,0,0,0,0,0,0,0,0,0,0,0,0,0,0,0,0,0,0,0,0,0,0,0,0,0,0,0,0,0,0,0,0,0,0,0,0,1,3,0,0,0,0,0,0,0,0,0,9,1,0,0,0,1,1,0,0,0,0,0,0,0,0,0,3,0,1,0,4,6,3,0,0,0,0,0,0,0,0,0,0,4,3,0,7,20,18,8,1,3,0,0,0,0,0,0,0,3,5,5,17,30,20,20,3,3,1,0,0,0,0,0,0,8,12,29,32,34,33,32,5,6,0,0,0,0,0,0,0,4,17,18,22,28,52,29,11,0,0,0,0,0,0,0,6,8,17,20,29,32,32,22,12,1,0,0,0,0,0,0,0,0,13,23,17,7,23,13,0,0,0,1,0,0,0,0,0,5,6,2,8,4,1,4,2,0,0,0,0,0,0,0,0,0,0,1,0,0,0,0,0,0,0,0,0,0,0,0,0,0,0,0,0,0,0,0,1,0,0,0,0,0,0,0,0,0,0,0,0,0,0,0,0,0,0,0,0,0,0,0,0,0,0,0,0,0,0,0,0,0,0,0,0
0,0,0,0,0,0,0,0,0,1,0,0,0,0,0,0,0,0,0,0,0,0,0,0,0,3,0,0,0,0,0,0,0,0,0,0,0,0,0,14,29,36,0,0,0,0,0,0,0,0,9,122,11,15,3,6,26,30,4,2,0,0,1,0,0,0,0,37,4,16,15,60,121,56,21,19,21,8,0,3,2,0,2,6,29,24,4,63,176,130,79,50,69,27,0,1,0,0,2,17,35,34,53,170,343,279,247,83,140,104,8,0,0,0,1,9,60,76,302,352,411,367,335,113,118,63,4,0,0,0,1,7,46,125,176,282,456,614,308,228,48,12,11,3,0,0,5,72,64,136,184,259,370,374,249,222,74,7,5,1,0,0,1,20,6,93,173,188,145,259,177,53,0,10,27,0,0,0,0,3,62,68,44,130,87,60,99,52,7,0,7,0,0,0,1,3,8,5,29,12,13,2,0,13,1,4,0,0,0,0,0,1,0,2,2,5,3,4,0,17,0,0,0,0,0,0,0,0,0,0,0,0,1,0,0,0,0,0,0,0,0,0,0,0,0,0,0,0,0,0,0,0,0,0,0,0
0,0,0,0,0,0,0,0,0,0,0,0,0,0,0,0,0,0,0,0,0,0,0,0,0,0,0,0,0,0,0,0,0,0,0,0,0,0,0,0,0,0,0,0,0,0,0,0,0,0,0,2,0,0,0,0,0,0,0,0,0,0,0,0,0,0,0,0,0,0,0,0,0,0,0,0,0,0,0,0,0,0,0,0,0,0,0,0,0,0,0,0,0,0,0,0,0,0,0,0,0,0,0,0,0,0,0,0,0,0,0,0,0,0,0,0,0,0,0,0,0,0,0,0,0,0,0,0,0,0,0,0,0,0,0,0,0,0,0,0,0,0,0,0,0,0,0,0,0,0,0,0,0,0,0,0,0,0,0,0,0,0,0,0,0,0,0,0,0,0,0,0,0,0,0,0,0,0,0,0,0,0,0,0,0,0,0,0,0,0,0,0,0,0,0,0,0,0,0,0,0,0,0,0,0,0,0,0,0,0,0,0,0,0,0,0,0,0,0,0,0,0,0,0,0,0,0,0,0,0,0,0,0,0,0,0,0,0,0,0,0,0,0,0,0,0,0,0,0,0,0,0,0,0,0,0
0,0,0,0,0,0,0,0,0,0,0,0,0,0,0,0,0,0,0,0,0,0,0,0,0,0,0,0,0,0,0,0,0,0,0,0,0,0,0,0,0,0,0,0,0,0,0,0,0,0,0,2,0,0,0,0,0,0,0,0,0,0,0,0,0,0,0,0,0,0,0,0,0,0,0,0,0,0,0,0,0,0,0,0,0,0,0,0,0,0,0,0,0,0,0,0,0,0,0,0,0,0,0,0,0,0,0,0,0,0,0,0,0,0,0,0,0,0,0,0,0,0,0,0,0,0,0,0,0,0,0,0,0,0,0,0,0,0,0,0,0,0,0,0,0,0,0,0,0,0,0,0,0,0,0,0,0,0,0,0,0,0,0,0,0,0,0,0,0,0,0,0,0,0,0,0,0,0,0,0,0,0,0,0,0,0,0,0,0,0,0,0,0,0,0,0,0,0,0,0,0,0,0,0,0,1,0,0,0,0,0,0,0,0,0,0,0,0,0,0,0,0,0,0,0,0,0,0,0,0,0,0,0,0,0,0,0,0,0,0,0,0,0,0,0,0,0,0,0,0,0,0,0,0,0,0
0,0,0,0,0,0,0,0,0,0,0,0,0,0,0,0,0,0,0,0,0,0,0,0,0,0,0,0,0,0,0,0,0,0,0,0,0,0,0,0,1,3,0,0,0,0,0,0,0,0,0,5,2,0,0,0,1,1,0,0,0,0,0,0,0,0,0,3,0,0,0,4,5,4,1,0,0,0,0,0,0,0,0,0,5,4,0,9,20,20,10,1,3,0,0,0,0,0,0,0,4,6,7,20,26,19,18,4,3,1,0,0,0,0,0,0,10,15,23,28,31,33,28,6,6,0,0,0,0,0,0,0,5,17,20,25,23,15,29,10,1,0,0,0,0,0,0,7,13,15,21,32,30,30,23,11,1,0,0,0,0,0,0,0,0,13,19,17,10,21,13,0,0,0,1,0,0,0,0,0,5,5,3,8,4,1,4,2,0,0,0,0,0,0,0,0,0,0,1,0,0,0,0,0,0,1,0,0,0,0,0,0,0,0,0,0,0,0,0,1,0,0,0,0,0,0,0,0,0,0,0,0,0,0,0,0,0,0,0,0,0,0,0,0,0,0,0,0,0,0,0,0,0,0,0,0
0,0,0,0,0,0,0,0,0,0,0,0,0,0,0,0,0,0,0,0,0,0,0,0,0,0,0,0,0,0,0,0,0,0,0,0,0,0,0,0,0,0,0,0,0,0,0,0,0,0,0,2,0,0,0,0,0,0,0,0,0,0,0,0,0,0,0,0,0,0,0,0,0,0,0,0,0,0,0,0,0,0,0,0,0,0,0,0,0,0,0,0,0,0,0,0,0,0,0,0,0,0,0,0,0,0,0,0,0,0,0,0,0,0,0,0,0,0,0,0,0,0,0,0,0,0,0,0,0,0,0,0,0,0,0,0,0,0,0,0,0,0,0,0,0,0,0,0,0,0,0,0,0,0,0,0,0,0,0,0,0,0,0,0,0,0,0,0,0,0,0,0,0,0,0,0,0,0,0,0,0,0,0,0,0,0,0,0,0,0,0,0,0,0,0,0,0,0,0,0,0,0,0,0,0,0,0,0,0,0,0,0,0,0,0,0,0,0,0,0,0,0,0,0,0,0,0,0,0,0,0,0,0,0,0,0,0,0,0,0,0,0,0,0,0,0,0,0,0,0,0,0,0,0,0,0
0,0,0,0,0,0,0,0,0,0,0,0,0,0,0,0,0,0,0,0,0,0,0,0,0,0,0,0,0,0,0,0,0,0,0,0,0,0,0,0,1,3,0,0,0,0,0,0,0,0,0,9,1,0,0,0,1,1,0,0,0,0,0,0,0,0,0,3,0,1,0,4,6,3,0,0,0,0,0,0,0,0,0,0,4,3,0,7,20,18,8,1,3,0,0,0,0,0,0,0,3,5,5,17,30,20,20,3,3,1,0,0,0,0,0,0,8,12,29,32,34,33,32,5,6,0,0,0,0,0,0,0,4,17,18,22,28,52,29,11,0,0,0,0,0,0,0,6,8,17,20,29,32,32,22,12,1,0,0,0,0,0,0,0,0,13,23,17,7,23,13,0,0,0,1,0,0,0,0,0,5,6,2,8,4,1,4,2,0,0,0,0,0,0,0,0,0,0,1,0,0,0,0,0,0,0,0,0,0,0,0,0,0,0,0,0,0,0,0,1,0,0,0,0,0,0,0,0,0,0,0,0,0,0,0,0,0,0,0,0,0,0,0,0,0,0,0,0,0,0,0,0,0,0,0,0
0,0,0,0,0,0,0,0,0,1,0,0,0,0,0,0,0,0,0,0,0,0,0,0,0,2,0,0,0,0,0,0,0,0,0,0,0,0,0,1,1,4,0,0,0,0,0,0,0,1,15,103,10,1,0,0,0,0,0,0,0,0,0,0,0,0,0,21,1,0,0,0,0,0,0,0,0,0,0,0,1,0,1,0,2,0,0,0,0,0,0,0,0,0,0,0,0,0,0,0,0,0,0,0,0,0,0,0,0,1,0,0,0,0,0,0,0,0,0,0,0,0,0,0,0,0,0,0,0,0,0,0,0,0,0,0,0,0,0,0,0,0,0,0,0,0,0,2,0,0,0,0,0,0,0,0,0,0,0,0,0,0,0,0,0,0,0,0,0,0,0,0,0,0,6,0,0,0,0,0,1,0,0,0,0,0,0,0,0,0,3,0,0,0,0,0,0,0,0,0,0,0,0,0,0,2,0,0,0,0,0,0,0,0,0,0,0,0,0,2,0,0,0,0,0,0,0,0,0,0,0,0,0,0,0,0,0,0,0,0,0,0,0,0,0,0,0,0,0,0,0,0,0,0,0,0
0,0,0,0,0,0,0,0,0,0,0,0,0,0,0,0,0,0,0,0,0,0,0,0,0,0,0,0,0,0,0,0,0,0,0,0,0,0,0,0,1,3,0,0,0,0,0,0,0,0,0,9,1,0,0,0,1,1,0,0,0,0,0,0,0,0,0,3,0,1,0,4,6,3,0,0,0,0,0,0,0,0,0,0,4,3,0,7,20,18,8,1,3,0,0,0,0,0,0,0,3,5,5,17,30,20,20,3,3,1,0,0,0,0,0,0,8,12,29,32,34,33,32,5,6,0,0,0,0,0,0,0,4,17,18,22,28,52,29,11,0,0,0,0,0,0,0,6,8,17,20,29,32,32,22,12,1,0,0,0,0,0,0,0,0,13,23,17,7,23,13,0,0,0,1,0,0,0,0,0,5,6,2,8,4,1,4,2,0,0,0,0,0,0,0,0,0,0,1,0,0,0,0,0,0,0,0,0,0,0,0,0,0,0,0,0,0,0,0,1,0,0,0,0,0,0,0,0,0,0,0,0,0,0,0,0,0,0,0,0,0,0,0,0,0,0,0,0,0,0,0,0,0,0,0,0
0,0,0,0,0,0,0,0,0,0,0,0,0,0,0,0,0,0,0,0,0,0,0,0,0,0,0,0,0,0,0,0,0,0,0,0,0,0,0,0,1,3,0,0,0,0,0,0,0,0,0,9,1,0,0,0,1,1,0,0,0,0,0,0,0,0,0,3,0,1,0,4,6,3,0,0,0,0,0,0,0,0,0,0,4,3,0,7,20,18,8,1,3,0,0,0,0,0,0,0,3,5,5,17,30,20,20,3,3,1,0,0,0,0,0,0,8,12,29,32,34,33,32,5,6,0,0,0,0,0,0,0,4,17,18,22,28,52,29,11,0,0,0,0,0,0,0,6,8,17,20,29,32,32,22,12,1,0,0,0,0,0,0,0,0,13,23,17,7,23,13,0,0,0,1,0,0,0,0,0,5,6,2,8,4,1,4,2,0,0,0,0,0,0,0,0,0,0,1,0,0,0,0,0,0,0,0,0,0,0,0,0,0,0,0,0,0,0,0,1,0,0,0,0,0,0,0,0,0,0,0,0,0,0,0,0,0,0,0,0,0,0,0,0,0,0,0,0,0,0,0,0,0,0,0,0
0,0,0,0,0,0,0,0,0,0,0,0,0,0,0,0,0,0,0,0,0,0,0,0,0,1,0,0,0,0,0,0,0,0,0,0,0,0,0,9,16,22,0,0,0,0,0,0,0,0,4,65,7,10,2,3,18,21,2,0,0,0,0,0,0,0,0,23,2,13,13,52,103,49,17,13,10,3,0,0,1,0,1,4,27,27,5,60,161,125,80,48,57,16,0,0,0,0,1,15,41,45,56,146,281,234,238,87,132,74,4,0,0,0,0,9,75,102,308,290,312,286,301,117,118,46,2,0,0,0,1,8,61,170,182,222,338,561,264,229,48,9,6,0,0,0,4,70,79,187,205,226,287,291,215,220,71,4,3,0,0,0,0,15,7,116,201,183,116,213,154,44,0,5,16,0,0,0,0,1,49,67,48,128,75,43,76,36,3,0,4,0,0,0,0,1,4,3,25,10,10,1,0,7,0,2,0,0,0,0,0,0,0,1,1,4,3,2,0,8,0,0,0,0,0,0,0,0,0,0,0,0,1,0,0,0,0,0,0,0,0,0,0,0,0,0,0,0,0,0,0,0,0,0,0,0
0,0,0,0,0,0,0,0,0,0,0,0,0,0,0,0,0,0,0,0,0,0,0,0,0,0,0,0,0,0,0,0,0,0,0,0,0,0,0,0,1,3,0,0,0,0,0,0,0,0,0,9,1,0,0,0,1,1,0,0,0,0,0,0,0,0,0,3,0,1,0,4,6,3,0,0,0,0,0,0,0,0,0,0,4,3,0,7,20,18,8,1,3,0,0,0,0,0,0,0,3,5,5,17,30,20,20,3,3,1,0,0,0,0,0,0,8,12,29,32,34,33,32,5,6,0,0,0,0,0,0,0,4,17,18,22,28,52,29,11,0,0,0,0,0,0,0,6,8,17,20,29,32,32,22,12,1,0,0,0,0,0,0,0,0,13,23,17,7,23,13,0,0,0,1,0,0,0,0,0,5,6,2,8,4,1,4,2,0,0,0,0,0,0,0,0,0,0,1,0,0,0,0,0,0,0,0,0,0,0,0,0,0,0,0,0,0,0,0,1,0,0,0,0,0,0,0,0,0,0,0,0,0,0,0,0,0,0,0,0,0,0,0,0,0,0,0,0,0,0,0,0,0,0,0,0
0,0,0,0,0,0,0,0,0,2,0,0,0,0,0,0,0,0,0,0,0,0,0,0,1,6,0,0,0,0,0,0,0,0,0,0,0,0,0,14,35,45,0,0,0,0,0,0,0,0,9,117,9,10,2,4,24,30,4,1,0,0,1,0,0,0,0,33,3,11,12,61,145,70,22,14,11,5,0,1,1,0,1,4,25,25,7,95,267,204,115,54,54,17,0,0,0,0,1,10,37,55,105,285,486,449,389,117,126,69,5,0,0,0,0,6,76,153,488,496,529,502,474,177,120,42,2,0,0,0,0,5,67,257,340,419,545,639,418,312,48,7,6,0,0,0,4,60,82,252,329,362,441,437,310,257,61,3,2,0,0,0,1,13,6,120,242,239,159,252,159,34,0,4,14,0,0,0,0,1,44,56,41,114,62,28,48,21,1,0,4,0,0,0,1,2,4,2,15,5,5,0,0,3,0,2,0,0,0,0,0,0,0,1,1,2,1,1,0,4,0,0,0,0,0,0,0,0,0,0,0,0,0,0,0,0,0,0,0,0,0,0,0,0,0,0,0,0,0,0,0,0,0,0,0,0
0,0,0,0,0,0,0,0,0,0,0,0,0,0,0,0,0,0,0,0,0,0,0,0,0,0,0,0,0,0,0,0,0,0,0,0,0,0,0,0,1,3,0,0,0,0,0,0,0,0,0,9,1,0,0,0,1,1,0,0,0,0,0,0,0,0,0,3,0,1,0,4,6,3,0,0,0,0,0,0,0,0,0,0,4,3,0,7,20,18,8,1,3,0,0,0,0,0,0,0,3,5,5,17,30,20,20,3,3,1,0,0,0,0,0,0,8,12,29,32,34,33,32,5,6,0,0,0,0,0,0,0,4,17,18,22,28,52,29,11,0,0,0,0,0,0,0,6,8,17,20,29,32,32,22,12,1,0,0,0,0,0,0,0,0,13,23,17,7,23,13,0,0,0,1,0,0,0,0,0,5,6,2,8,4,1,4,2,0,0,0,0,0,0,0,0,0,0,1,0,0,0,0,0,0,0,0,0,0,0,0,0,0,0,0,0,0,0,0,1,0,0,0,0,0,0,0,0,0,0,0,0,0,0,0,0,0,0,0,0,0,0,0,0,0,0,0,0,0,0,0,0,0,0,0,0
0,0,0,0,0,0,0,0,0,0,0,0,0,0,0,0,0,0,0,0,0,0,0,0,0,0,0,0,0,0,0,0,0,0,0,0,0,0,0,0,1,3,0,0,0,0,0,0,0,0,0,9,1,0,0,0,1,1,0,0,0,0,0,0,0,0,0,3,0,1,0,4,6,3,0,0,0,0,0,0,0,0,0,0,4,3,0,7,20,18,8,1,3,0,0,0,0,0,0,0,3,5,5,17,30,20,20,3,3,1,0,0,0,0,0,0,8,12,29,32,34,33,32,5,6,0,0,0,0,0,0,0,4,17,18,22,28,52,29,11,0,0,0,0,0,0,0,6,8,17,20,29,32,32,22,12,1,0,0,0,0,0,0,0,0,13,23,17,7,23,13,0,0,0,1,0,0,0,0,0,5,6,2,8,4,1,4,2,0,0,0,0,0,0,0,0,0,0,1,0,0,0,0,0,0,0,0,0,0,0,0,0,0,0,0,0,0,0,0,1,0,0,0,0,0,0,0,0,0,0,0,0,0,0,0,0,0,0,0,0,0,0,0,0,0,0,0,0,0,0,0,0,0,0,0,0
0,0,0,0,0,0,0,0,0,0,0,0,0,0,0,0,0,0,0,0,0,0,0,0,0,0,0,0,0,0,0,0,0,0,0,0,0,0,0,0,1,3,0,0,0,0,0,0,0,0,0,9,1,0,0,0,1,1,0,0,0,0,0,0,0,0,0,3,0,1,0,4,6,3,0,0,0,0,0,0,0,0,0,0,4,3,0,7,20,18,8,1,3,0,0,0,0,0,0,0,3,5,5,17,30,20,20,3,3,1,0,0,0,0,0,0,8,12,29,32,34,33,32,5,6,0,0,0,0,0,0,0,4,17,18,22,28,52,29,11,0,0,0,0,0,0,0,6,8,17,20,29,32,32,22,12,1,0,0,0,0,0,0,0,0,13,23,17,7,23,13,0,0,0,1,0,0,0,0,0,5,6,2,8,4,1,4,2,0,0,0,0,0,0,0,0,0,0,1,0,0,0,0,0,0,0,0,0,0,0,0,0,0,0,0,0,0,0,0,1,0,0,0,0,0,0,0,0,0,0,0,0,0,0,0,0,0,0,0,0,0,0,0,0,0,0,0,0,0,0,0,0,0,0,0,0
0,0,0,0,0,0,0,0,0,0,0,0,0,0,0,0,0,0,0,0,0,0,0,0,0,0,0,0,0,0,0,0,0,0,0,0,0,0,0,0,1,3,0,0,0,0,0,0,0,0,0,9,1,0,0,0,1,1,0,0,0,0,0,0,0,0,0,3,0,1,0,4,6,3,0,0,0,0,0,0,0,0,0,0,4,3,0,7,20,18,8,1,3,0,0,0,0,0,0,0,3,5,5,17,30,20,20,3,3,1,0,0,0,0,0,0,8,12,29,32,34,33,32,5,6,0,0,0,0,0,0,0,4,17,18,22,28,52,29,11,0,0,0,0,0,0,0,6,8,17,20,29,32,32,22,12,1,0,0,0,0,0,0,0,0,13,23,17,7,23,13,0,0,0,1,0,0,0,0,0,5,6,2,8,4,1,4,2,0,0,0,0,0,0,0,0,0,0,1,0,0,0,0,0,0,0,0,0,0,0,0,0,0,0,0,0,0,0,0,1,0,0,0,0,0,0,0,0,0,0,0,0,0,0,0,0,0,0,0,0,0,0,0,0,0,0,0,0,0,0,0,0,0,0,0,0
0,0,0,0,0,0,0,0,0,0,0,0,0,0,0,0,0,0,0,0,0,0,0,0,0,0,0,0,0,0,0,0,0,0,0,0,0,0,0,0,1,3,0,0,0,0,0,0,0,0,0,9,1,0,0,0,1,1,0,0,0,0,0,0,0,0,0,3,0,1,0,4,6,3,0,0,0,0,0,0,0,0,0,0,4,3,0,7,20,18,8,1,3,0,0,0,0,0,0,0,3,5,5,17,30,20,20,3,3,1,0,0,0,0,0,0,8,12,29,32,34,33,32,5,6,0,0,0,0,0,0,0,4,17,18,22,28,52,29,11,0,0,0,0,0,0,0,6,8,17,20,29,32,32,22,12,1,0,0,0,0,0,0,0,0,13,23,17,7,23,13,0,0,0,1,0,0,0,0,0,5,6,2,8,4,1,4,2,0,0,0,0,0,0,0,0,0,0,1,0,0,0,0,0,0,0,0,0,0,0,0,0,0,0,0,0,0,0,0,1,0,0,0,0,0,0,0,0,0,0,0,0,0,0,0,0,0,0,0,0,0,0,0,0,0,0,0,0,0,0,0,0,0,0,0,0
0,0,0,0,0,0,0,0,0,0,0,0,0,0,0,0,0,0,0,0,0,0,0,0,0,0,0,0,0,0,0,0,0,0,0,0,0,0,0,0,0,0,0,0,0,0,0,0,0,0,0,6,0,0,0,0,0,0,0,0,0,0,0,0,0,0,0,1,0,0,0,0,0,0,0,0,0,0,0,0,0,0,0,0,0,0,0,0,0,0,0,0,0,0,0,0,0,0,0,0,0,0,0,0,0,0,0,0,0,0,0,0,0,0,0,0,0,0,0,0,0,0,0,0,0,0,0,0,0,0,0,0,0,0,0,0,0,0,0,0,0,0,0,0,0,0,0,0,0,0,0,0,0,0,0,0,0,0,0,0,0,0,0,0,0,0,0,0,0,0,0,0,0,0,0,0,0,0,0,0,0,0,0,0,0,0,0,0,0,0,0,0,0,0,0,0,0,0,0,0,0,0,0,0,0,1,0,0,0,0,0,0,0,0,0,0,0,0,0,0,0,0,0,0,0,0,0,0,0,0,0,0,0,0,0,0,0,0,0,0,0,0,0,0,0,0,0,0,0,0,0,0,0,0,0,0
0,0,0,0,0,0,0,0,0,0,0,0,0,0,0,0,0,0,0,0,0,0,0,0,0,0,0,0,0,0,0,0,0,0,0,0,0,0,0,0,1,3,0,0,0,0,0,0,0,0,0,9,1,0,0,0,1,1,0,0,0,0,0,0,0,0,0,3,0,1,0,4,6,3,0,0,0,0,0,0,0,0,0,0,4,3,0,7,20,18,8,1,3,0,0,0,0,0,0,0,3,5,5,17,30,20,20,3,3,1,0,0,0,0,0,0,8,12,29,32,34,33,32,5,6,0,0,0,0,0,0,0,4,17,18,22,28,52,29,11,0,0,0,0,0,0,0,6,8,17,20,29,32,32,22,12,1,0,0,0,0,0,0,0,0,13,23,17,7,23,13,0,0,0,1,0,0,0,0,0,5,6,2,8,4,1,4,2,0,0,0,0,0,0,0,0,0,0,1,0,0,0,0,0,0,0,0,0,0,0,0,0,0,0,0,0,0,0,0,1,0,0,0,0,0,0,0,0,0,0,0,0,0,0,0,0,0,0,0,0,0,0,0,0,0,0,0,0,0,0,0,0,0,0,0,0
0,0,1,0,0,0,0,0,1,2,0,0,0,0,0,0,0,0,0,1,0,0,0,1,1,7,0,0,0,0,0,0,0,0,1,1,0,0,0,23,53,56,1,0,0,0,0,0,1,3,21,193,14,20,4,10,35,39,5,1,0,0,1,1,0,1,1,48,5,19,20,82,179,77,23,15,13,6,0,2,5,0,3,7,31,31,9,98,264,187,100,48,55,19,0,0,0,0,2,14,40,51,92,267,470,412,338,94,117,73,5,0,0,0,1,8,70,117,430,469,515,478,434,140,108,42,2,0,0,0,1,6,56,188,272,392,545,639,399,270,41,8,7,1,0,1,5,67,72,190,265,343,454,457,311,240,60,4,4,0,0,0,1,16,6,106,211,230,178,286,180,42,0,7,26,0,0,0,0,2,48,57,39,116,71,39,66,33,4,0,8,0,0,0,2,2,5,3,18,6,7,0,0,7,1,4,0,0,0,0,1,1,0,1,1,3,2,2,0,13,0,0,0,0,0,0,0,0,0,0,0,0,1,0,0,0,1,0,0,0,0,0,0,0,0,0,0,0,0,0,0,0,0,0,0,0
0,0,0,0,0,0,0,0,0,0,0,0,0,0,0,0,0,0,0,0,0,0,0,0,0,0,0,0,0,0,0,0,0,0,0,0,0,0,0,0,1,3,0,0,0,0,0,0,0,0,0,9,1,0,0,0,1,1,0,0,0,0,0,0,0,0,0,3,0,1,0,4,6,3,0,0,0,0,0,0,0,0,0,0,4,3,0,7,20,18,8,1,3,0,0,0,0,0,0,0,3,5,5,17,30,20,20,3,3,1,0,0,0,0,0,0,8,12,29,32,34,33,32,5,6,0,0,0,0,0,0,0,4,17,18,22,28,52,29,11,0,0,0,0,0,0,0,6,8,17,20,29,32,32,22,12,1,0,0,0,0,0,0,0,0,13,23,17,7,23,13,0,0,0,1,0,0,0,0,0,5,6,2,8,4,1,4,2,0,0,0,0,0,0,0,0,0,0,1,0,0,0,0,0,0,0,0,0,0,0,0,0,0,0,0,0,0,0,0,1,0,0,0,0,0,0,0,0,0,0,0,0,0,0,0,0,0,0,0,0,0,0,0,0,0,0,0,0,0,0,0,0,0,0,0,0
0,0,0,0,0,0,0,0,0,1,0,0,0,0,0,0,0,0,0,0,0,0,0,0,0,2,0,0,0,0,0,0,0,0,0,0,0,0,0,0,0,2,0,0,0,0,0,0,0,0,12,66,8,0,0,0,0,0,0,0,0,0,0,0,0,0,0,12,0,0,0,0,0,0,0,0,0,0,0,0,1,0,0,0,0,0,0,0,0,0,0,0,0,0,0,0,0,0,0,0,0,0,0,0,0,0,0,0,0,0,0,0,0,0,0,0,0,0,0,0,0,0,0,0,0,0,0,0,0,0,0,0,0,0,0,0,0,0,0,0,0,0,0,0,0,0,0,0,0,0,0,0,0,0,0,0,0,0,0,0,0,0,0,0,0,0,0,0,0,0,0,0,0,0,6,0,0,0,0,0,0,0,0,0,0,0,0,0,0,0,3,0,0,0,0,0,0,0,0,0,0,0,0,0,0,6,0,0,0,0,0,0,0,0,0,0,0,0,0,2,0,0,0,0,0,0,0,0,0,0,0,0,0,0,0,0,0,0,0,0,0,0,0,0,0,0,0,0,0,0,0,0,0,0,0,0
0,0,0,0,0,0,0,0,0,0,0,0,0,0,0,0,0,0,0,0,0,0,0,0,0,0,0,0,0,0,0,0,0,0,0,0,0,0,0,0,1,3,0,0,0,0,0,0,0,0,0,9,1,0,0,0,1,1,0,0,0,0,0,0,0,0,0,3,0,1,0,4,6,3,0,0,0,0,0,0,0,0,0,0,4,3,0,7,20,18,8,1,3,0,0,0,0,0,0,0,3,5,5,17,30,20,20,3,3,1,0,0,0,0,0,0,8,12,29,32,34,33,32,5,6,0,0,0,0,0,0,0,4,17,18,22,28,52,29,11,0,0,0,0,0,0,0,6,8,17,20,29,32,32,22,12,1,0,0,0,0,0,0,0,0,13,23,17,7,23,13,0,0,0,1,0,0,0,0,0,5,6,2,8,4,1,4,2,0,0,0,0,0,0,0,0,0,0,1,0,0,0,0,0,0,0,0,0,0,0,0,0,0,0,0,0,0,0,0,1,0,0,0,0,0,0,0,0,0,0,0,0,0,0,0,0,0,0,0,0,0,0,0,0,0,0,0,0,0,0,0,0,0,0,0,0
0,0,0,0,0,0,0,0,0,1,0,0,0,0,0,0,0,0,0,0,0,0,0,0,1,5,0,0,0,0,0,0,0,0,0,0,0,0,0,14,32,40,0,0,0,0,0,0,0,1,15,167,12,14,2,4,22,26,3,1,0,0,1,0,0,0,0,45,4,15,13,57,125,58,18,13,11,5,0,1,1,0,2,6,30,28,7,82,227,165,92,44,53,18,0,0,0,0,1,11,38,51,91,249,444,387,326,91,114,69,5,0,0,0,0,6,70,132,450,461,495,457,421,136,104,38,2,0,0,0,0,3,56,218,297,382,520,633,378,265,39,7,6,0,0,0,2,50,70,216,287,327,409,407,277,225,54,3,3,0,0,0,0,9,4,108,215,210,136,230,145,31,0,4,17,0,0,0,0,0,37,52,37,104,55,25,47,23,1,0,5,0,0,0,0,1,3,2,15,5,5,0,0,4,0,2,0,0,0,0,0,0,0,1,0,2,1,1,0,5,0,0,0,0,0,0,0,0,0,0,0,0,0,0,0,0,0,0,0,0,0,0,0,0,0,0,0,0,0,0,0,0,0,0,0,0
0,0,0,0,0,0,0,1,1,5,0,0,0,0,0,0,0,0,0,0,0,0,0,3,3,13,1,0,0,0,0,0,0,0,0,0,0,1,0,35,86,81,2,0,0,0,0,0,0,2,17,168,13,23,6,18,50,54,9,3,0,0,1,1,0,1,0,44,4,20,23,97,214,94,30,19,16,6,0,2,5,0,3,7,30,28,8,95,264,191,104,51,59,21,0,0,0,0,2,16,37,41,70,226,437,386,321,93,123,80,6,0,0,0,1,9,65,90,344,403,474,447,410,134,113,49,3,0,0,0,1,7,50,144,198,321,508,634,378,264,46,10,9,2,0,1,6,73,69,151,199,283,412,430,297,241,70,6,6,1,0,1,1,20,6,94,173,190,150,268,179,47,0,11,38,0,0,0,0,3,54,56,34,104,67,41,74,41,7,0,12,0,0,0,3,3,6,3,18,6,7,1,0,10,1,5,0,0,0,0,1,1,0,1,1,3,2,2,0,15,0,0,0,0,0,0,0,0,0,0,0,0,1,0,0,0,1,0,0,0,0,0,0,0,0,0,0,0,0,0,0,0,0,0,0,0
0,0,0,0,0,0,0,0,0,0,0,0,0,0,0,0,0,0,0,0,0,0,0,0,0,0,0,0,0,0,0,0,0,0,0,0,0,0,0,0,1,3,0,0,0,0,0,0,0,0,0,9,1,0,0,0,1,1,0,0,0,0,0,0,0,0,0,3,0,1,0,4,6,3,0,0,0,0,0,0,0,0,0,0,4,3,0,7,20,18,8,1,3,0,0,0,0,0,0,0,3,5,5,17,30,20,20,3,3,1,0,0,0,0,0,0,8,12,29,32,34,33,32,5,6,0,0,0,0,0,0,0,4,17,18,22,28,52,29,11,0,0,0,0,0,0,0,6,8,17,20,29,32,32,22,12,1,0,0,0,0,0,0,0,0,13,23,17,7,23,13,0,0,0,1,0,0,0,0,0,5,6,2,8,4,1,4,2,0,0,0,0,0,0,0,0,0,0,1,0,0,0,0,0,0,0,0,0,0,0,0,0,0,0,0,0,0,0,0,1,0,0,0,0,0,0,0,0,0,0,0,0,0,0,0,0,0,0,0,0,0,0,0,0,0,0,0,0,0,0,0,0,0,0,0,0
0,0,0,0,0,0,0,0,0,0,0,0,0,0,0,0,0,0,0,0,0,0,0,0,0,0,0,0,0,0,0,0,0,0,0,0,0,0,0,0,1,3,0,0,0,0,0,0,0,0,0,9,1,0,0,0,1,1,0,0,0,0,0,0,0,0,0,3,0,1,0,4,6,3,0,0,0,0,0,0,0,0,0,0,4,3,0,7,20,18,8,1,3,0,0,0,0,0,0,0,3,5,5,17,30,20,20,3,3,1,0,0,0,0,0,0,8,12,29,32,34,33,32,5,6,0,0,0,0,0,0,0,4,17,18,22,28,52,29,11,0,0,0,0,0,0,0,6,8,17,20,29,32,32,22,12,1,0,0,0,0,0,0,0,0,13,23,17,7,23,13,0,0,0,1,0,0,0,0,0,5,6,2,8,4,1,4,2,0,0,0,0,0,0,0,0,0,0,1,0,0,0,0,0,0,0,0,0,0,0,0,0,0,0,0,0,0,0,0,1,0,0,0,0,0,0,0,0,0,0,0,0,0,0,0,0,0,0,0,0,0,0,0,0,0,0,0,0,0,0,0,0,0,0,0,0
0,0,0,0,0,0,0,0,0,0,0,0,0,0,0,0,0,0,0,0,0,0,0,0,0,0,0,0,0,0,0,0,0,0,0,0,0,0,0,0,1,3,0,0,0,0,0,0,0,0,0,4,3,0,0,0,1,1,0,0,0,0,0,0,0,0,0,3,0,0,1,4,3,4,1,0,0,0,0,0,0,0,0,0,6,5,0,11,23,22,12,2,4,0,0,0,0,0,0,0,4,7,8,22,31,21,22,4,3,1,0,0,0,0,0,0,10,17,27,31,34,35,32,7,7,0,0,0,0,0,0,0,5,19,21,25,26,31,31,12,1,0,0,0,0,0,0,6,13,15,25,32,31,31,24,13,1,0,0,0,0,0,0,0,0,13,20,19,9,22,14,1,0,0,1,0,0,0,0,0,4,5,4,8,5,1,5,2,0,0,0,0,0,0,0,0,0,0,1,0,0,0,0,0,0,1,0,0,0,0,0,0,0,0,0,0,0,0,0,1,0,0,0,0,0,0,0,0,0,0,0,0,0,0,0,0,0,0,0,0,0,0,0,0,0,0,0,0,0,0,0,0,0,0,0,0
0,0,0,0,0,0,0,0,0,0,0,0,0,0,0,0,0,0,0,0,0,0,0,0,0,0,0,0,0,0,0,0,0,0,0,0,0,0,0,0,1,3,0,0,0,0,0,0,0,0,0,11,1,0,0,0,0,1,0,0,0,0,0,0,0,0,0,3,0,1,0,6,16,2,0,0,0,0,0,0,0,0,0,0,2,0,0,5,2,5,1,0,1,0,0,0,0,0,0,0,1,2,3,4,0,1,0,1,4,1,0,0,0,0,0,0,6,2,0,2,2,2,1,0,3,0,0,0,0,0,0,0,1,1,4,5,4,1,1,1,0,0,0,0,0,0,0,6,1,2,0,3,2,1,2,2,0,0,0,0,0,0,0,0,0,6,5,1,5,5,1,0,0,0,1,0,0,0,0,0,6,6,0,2,0,0,2,1,0,0,0,0,0,0,0,0,0,0,1,0,0,0,0,0,0,0,0,0,0,0,0,0,0,0,0,0,0,0,0,1,0,0,0,0,0,0,0,0,0,0,0,0,0,0,0,0,0,0,0,0,0,0,0,0,0,0,0,0,0,0,0,0,0,0,0,0
0,0,0,0,0,0,0,0,0,1,0,0,0,0,0,0,0,0,0,0,0,0,0,0,0,3,0,0,0,0,0,0,0,0,0,0,0,0,0,3,4,10,0,0,0,0,0,0,0,1,15,103,9,1,0,0,0,0,0,0,0,0,0,0,0,0,0,22,1,0,0,0,0,0,0,0,0,1,0,0,1,0,1,0,2,0,0,0,0,0,0,0,1,1,0,0,0,0,0,0,0,0,0,0,0,0,0,0,0,2,0,0,0,0,0,0,0,0,0,0,0,0,0,0,0,0,0,0,0,0,0,0,0,0,0,0,0,0,0,0,0,0,0,0,0,0,1,4,0,0,0,0,0,0,0,0,0,0,0,0,0,0,0,0,0,0,0,0,0,0,0,0,0,0,7,0,0,0,0,0,2,0,0,0,0,0,0,0,0,0,3,0,0,0,0,0,0,0,0,0,0,0,0,0,0,4,0,0,0,0,0,0,0,0,0,0,0,0,0,3,0,0,0,0,0,0,0,0,0,0,0,0,0,0,0,0,0,0,0,0,0,0,0,0,0,0,0,0,0,0,0,0,0,0,0,0
0,0,0,0,0,0,0,0,1,3,0,0,0,0,0,0,0,0,0,0,0,0,0,1,2,8,0,0,0,0,0,0,0,0,0,0,0,0,0,22,54,58,1,0,0,0,0,0,0,2,17,164,12,17,4,9,35,38,5,1,0,0,1,0,0,1,0,43,4,17,18,78,169,74,22,14,11,4,0,1,4,0,3,6,31,32,9,95,251,179,98,46,51,16,0,0,0,0,2,15,42,56,99,268,463,405,337,95,113,66,5,0,0,0,0,8,75,133,456,477,513,474,434,143,108,40,2,0,0,0,1,6,61,217,304,406,545,638,398,276,43,8,8,1,0,1,4,64,76,219,297,355,449,445,303,241,63,4,4,1,0,0,1,15,6,116,229,235,168,267,168,40,0,8,27,0,0,0,0,2,48,59,41,114,64,32,57,30,3,0,8,0,0,0,2,2,5,3,18,6,6,0,0,6,0,4,0,0,0,0,1,1,0,1,1,3,2,2,0,10,0,0,0,0,0,0,0,0,0,0,0,0,1,0,0,0,0,0,0,0,0,0,0,0,0,0,0,0,0,0,0,0,0,0,0,0
0,0,1,0,0,0,0,0,1,3,0,0,0,0,0,0,0,0,0,0,0,0,0,1,2,8,0,0,0,0,0,0,0,0,1,0,0,0,0,22,54,57,1,0,0,0,0,0,1,3,21,191,13,17,3,8,32,35,4,1,0,0,1,0,0,1,1,49,4,17,17,70,150,65,19,12,10,4,0,1,4,0,3,7,31,29,8,89,240,170,91,41,48,16,0,0,0,0,2,15,41,52,95,269,470,412,337,90,106,65,5,0,0,0,0,8,75,130,458,490,533,498,451,145,102,38,2,0,0,0,1,6,62,215,310,429,568,643,425,288,40,7,7,1,0,1,5,70,80,217,299,371,477,478,331,250,58,3,3,0,0,0,1,17,7,117,227,241,183,290,183,42,0,6,23,0,0,0,0,2,51,59,38,106,61,32,60,31,3,0,7,0,0,0,1,2,4,2,15,4,5,0,0,7,0,4,0,0,0,0,0,0,0,1,1,2,1,1,0,10,0,0,0,0,0,0,0,0,0,0,0,0,0,0,0,0,0,0,0,0,0,0,0,0,0,0,0,0,0,0,0,0,0,0,0,0
0,0,0,0,0,0,0,0,0,0,0,0,0,0,0,0,0,0,0,0,0,0,0,0,0,0,0,0,0,0,0,0,0,0,0,0,0,0,0,0,1,3,0,0,0,0,0,0,0,0,0,9,1,0,0,0,1,1,0,0,0,0,0,0,0,0,0,3,0,1,0,4,6,3,0,0,0,0,0,0,0,0,0,0,4,3,0,7,20,18,8,1,3,0,0,0,0,0,0,0,3,5,5,17,30,20,20,3,3,1,0,0,0,0,0,0,8,12,29,32,34,33,32,5,6,0,0,0,0,0,0,0,4,17,18,22,28,52,29,11,0,0,0,0,0,0,0,6,8,17,20,29,32,32,22,12,1,0,0,0,0,0,0,0,0,13,23,17,7,23,13,0,0,0,1,0,0,0,0,0,5,6,2,8,4,1,4,2,0,0,0,0,0,0,0,0,0,0,1,0,0,0,0,0,0,0,0,0,0,0,0,0,0,0,0,0,0,0,0,1,0,0,0,0,0,0,0,0,0,0,0,0,0,0,0,0,0,0,0,0,0,0,0,0,0,0,0,0,0,0,0,0,0,0,0,0
0,0,0,0,0,0,0,0,0,1,0,0,0,0,0,0,0,0,0,0,0,0,0,0,1,4,0,0,0,0,0,0,0,0,0,0,0,0,0,15,33,39,0,0,0,0,0,0,0,2,18,177,13,16,3,5,24,27,3,1,0,0,1,1,0,1,0,47,4,16,15,65,141,63,19,13,12,5,0,2,4,0,3,6,30,29,8,87,240,178,101,50,55,19,0,0,0,0,1,12,38,52,92,253,452,406,353,106,126,74,5,0,0,0,0,7,70,133,453,466,502,470,445,160,118,44,2,0,0,0,0,4,57,228,312,397,531,636,400,294,47,8,7,1,0,0,3,53,73,236,317,357,438,432,302,249,63,4,3,0,0,0,0,11,5,119,241,240,163,255,162,37,0,5,21,0,0,0,0,1,40,54,39,111,62,29,54,27,2,0,6,0,0,0,1,2,3,2,15,5,5,0,0,5,0,3,0,0,0,0,0,0,0,1,1,2,2,1,0,9,0,0,0,0,0,0,0,0,0,0,0,0,1,0,0,0,0,0,0,0,0,0,0,0,0,0,0,0,0,0,0,0,0,0,0,0
